235.833 111.178 123.017
235.551 112.177 126.718
232.739 114.659 126.152
232.018 117.764 128.236
229.439 118.581 130.937
226.146 116.768 130.381
222.529 117.423 131.338
222.856 115.056 134.313
226.040 116.694 135.609
224.340 120.097 135.739
221.347 118.586 137.557
223.551 116.856 140.161
226.004 119.747 140.671
226.404 123.541 140.274
223.176 124.121 142.223
223.754 127.822 142.860
222.047 129.353 139.766
225.043 129.564 137.440
225.364 131.212 134.016
227.846 131.138 131.155
228.924 133.067 128.067
231.698 131.582 125.915
231.948 134.655 123.652
234.315 136.914 125.624
234.894 138.323 129.101
231.959 140.693 129.601
230.085 142.103 132.593
226.670 142.541 130.993
224.359 144.974 132.774
222.367 147.125 130.360
220.019 148.240 133.147
220.984 146.135 136.205
222.130 142.639 137.174
224.085 141.004 139.907
226.193 138.008 138.662
226.797 134.363 138.418
229.817 133.572 136.254
231.072 130.129 135.233
233.040 128.489 132.428
231.203 125.280 131.569
230.387 124.133 128.029
227.035 122.469 127.307
226.223 120.859 123.973
