-12.456 -6.587 5.162
-10.450 -6.759 8.403
-11.663 -9.586 10.650
-11.169 -9.306 14.413
-12.953 -10.733 17.423
-12.697 -10.837 21.204
-12.530 -14.363 22.621
-12.789 -13.402 26.299
-13.902 -10.245 28.104
-12.848 -10.604 31.748
-14.316 -8.240 34.316
-17.235 -5.857 33.856
-18.602 -3.723 30.989
-16.654 -0.697 32.287
-13.505 -2.467 33.597
-12.462 -5.280 31.265
-9.477 -7.217 29.968
-9.965 -8.377 26.380
-8.293 -11.359 24.759
-8.520 -10.777 21.024
-7.609 -12.032 17.568
-7.108 -9.862 14.493
-7.213 -12.803 12.130
-7.113 -11.564 8.537
-7.088 -8.463 6.341
-8.381 -9.256 2.850
-6.639 -7.650 -0.149
-7.696 -4.051 -0.808
-8.853 -3.983 -4.432
-11.501 -1.219 -4.476
-9.307 1.882 -4.268
-10.318 2.984 -0.773
-8.225 5.928 0.396
-6.317 6.147 3.653
-8.651 8.270 5.836
-5.687 9.960 7.585
-3.531 10.634 4.536
-2.190 14.163 4.882
-2.518 14.451 8.646
0.711 15.754 10.205
0.949 12.450 12.112
-1.114 9.275 11.796
-0.577 5.850 13.347
-2.188 2.533 12.639
-2.585 0.908 16.042
-4.131 -2.022 17.800
-6.847 -0.363 19.886
-10.370 -0.972 21.127
-13.710 0.767 20.988
-13.756 2.979 24.094
-17.197 4.615 23.731
-20.643 3.735 22.420
-19.624 5.525 19.197
-16.625 3.254 18.660
-13.932 5.895 19.126
-10.564 4.674 20.317
-9.209 4.120 23.802
-5.596 3.812 24.858
-3.963 1.750 22.077
-2.245 -1.506 22.940
0.611 -0.497 20.626
1.271 1.366 17.385
2.220 -0.591 14.259
3.307 2.111 11.807
3.190 5.749 10.788
0.814 6.012 7.828
0.032 9.675 7.168
2.150 9.585 3.982
0.300 6.567 2.529
-2.381 7.600 0.045
-4.415 4.386 -0.181
-5.736 1.792 2.236
-3.956 -0.905 0.205
-0.638 0.782 1.017
-1.606 0.795 4.699
-2.338 -2.935 4.486
1.018 -3.599 2.813
2.856 -1.901 5.686
0.805 -3.594 8.407
1.184 -7.061 6.886
4.910 -6.494 6.347
5.528 -5.402 9.937
3.188 -7.766 11.827
2.572 -11.468 11.348
-1.080 -12.461 11.323
-3.063 -13.393 13.279
-2.348 -10.581 15.734
-3.244 -11.953 19.164
-2.945 -10.759 22.732
-4.715 -8.779 25.421
-5.642 -5.165 26.013
-7.744 -3.394 28.632
-10.720 -1.051 28.851
-11.589 1.239 31.745
-14.293 3.766 30.969
-17.835 3.747 29.598
-19.853 0.580 30.106
-19.754 -1.459 26.890
-21.837 -4.564 26.269
-20.462 -7.363 24.096
-21.959 -5.785 20.959
-20.003 -2.595 21.735
-16.655 -4.271 22.463
-14.075 -4.624 19.719
-10.312 -4.758 19.278
-9.057 -3.916 15.819
-6.762 -1.843 13.640
-7.396 1.842 14.343
-6.038 4.937 12.655
-5.353 7.854 14.972
-3.112 10.929 15.394
-1.823 9.998 18.864
0.371 7.020 19.743
-0.850 6.693 23.346
-3.662 7.821 25.612
-7.390 7.889 24.956
-8.005 8.407 21.234
-11.184 10.414 20.538
-10.108 10.990 16.921
-9.172 7.323 16.453
-11.463 5.029 14.483
-11.304 1.514 13.105
-9.903 1.425 9.596
-12.515 1.143 6.825
-13.830 -2.382 6.418
-13.204 -3.456 10.011
-15.556 -6.244 11.078
-15.952 -6.876 14.804
-16.907 -10.315 16.096
-17.097 -11.979 12.668
-14.860 -14.852 11.636
-13.305 -14.768 8.150
-14.218 -17.405 5.568
-11.826 -20.354 5.200
