2.877 9.494 -1.446
3.464 5.742 -0.863
6.812 4.705 -2.253
7.618 1.095 -3.001
10.131 -0.844 -5.106
11.295 -4.345 -6.007
14.856 -5.254 -5.041
14.928 -8.633 -6.709
12.921 -10.654 -9.225
13.525 -14.422 -9.623
11.773 -17.263 -11.572
9.895 -17.083 -14.889
7.459 -14.482 -16.208
4.524 -16.783 -15.438
6.014 -17.845 -12.051
7.997 -15.110 -10.391
8.979 -14.167 -6.931
9.312 -10.443 -6.034
11.342 -9.169 -3.170
9.889 -5.768 -2.286
10.339 -2.730 -0.103
7.484 -0.406 0.821
9.796 2.299 1.852
7.686 5.030 3.150
4.278 6.675 3.326
4.500 10.427 3.123
2.049 12.551 4.978
-1.330 12.732 3.149
-2.773 15.946 1.800
-5.851 16.908 3.871
-9.226 16.005 2.349
-8.257 13.129 0.107
-11.001 10.519 0.461
-10.535 6.808 1.296
-11.825 5.048 -1.852
-13.555 2.372 0.018
-15.191 4.471 2.719
-18.777 3.048 3.162
-18.014 -0.329 1.857
-19.250 -3.262 4.046
-15.663 -4.488 4.455
-12.346 -3.027 3.282
-8.762 -3.888 4.005
-5.455 -2.321 3.428
-3.042 -5.020 2.272
0.405 -5.556 0.973
-0.344 -6.842 -2.466
0.783 -6.783 -6.087
-0.846 -5.715 -9.295
-1.971 -8.973 -10.845
-3.785 -7.868 -14.053
-3.487 -5.252 -16.827
-6.469 -3.542 -15.181
-4.470 -3.016 -12.059
-6.338 -5.506 -9.902
-4.647 -6.956 -6.935
-3.566 -10.562 -6.656
-3.248 -12.524 -3.547
-2.267 -10.238 -0.768
0.983 -11.018 1.096
-0.814 -9.962 4.204
-3.493 -7.703 5.566
-2.662 -4.588 7.698
-6.020 -3.172 8.867
-9.673 -2.559 8.207
-10.333 0.848 6.699
-14.005 0.911 5.509
-14.914 3.235 8.426
-12.187 5.724 7.754
-13.210 8.690 5.647
-9.870 10.035 4.546
-6.565 8.593 3.365
-4.944 10.529 6.185
-7.002 8.428 8.653
-6.053 5.320 6.722
-2.383 6.261 6.956
-2.633 6.840 10.721
-4.056 3.433 11.306
-1.575 1.740 8.994
1.343 3.465 10.773
-0.041 2.258 14.107
-0.134 -1.364 12.928
3.000 -1.487 10.797
6.355 0.207 10.679
8.011 1.274 7.460
9.922 0.034 5.590
7.795 -2.994 4.995
9.836 -5.765 3.430
8.924 -9.119 2.081
8.360 -11.532 -0.735
5.327 -12.075 -2.919
4.708 -14.570 -5.682
3.083 -14.237 -9.016
1.469 -17.181 -10.681
-0.449 -16.677 -13.886
-0.409 -15.057 -17.218
3.037 -14.159 -18.427
4.086 -10.631 -17.442
4.970 -9.896 -21.141
2.241 -7.217 -21.014
1.522 -6.962 -17.308
4.022 -4.895 -15.366
3.433 -6.049 -11.712
4.251 -3.943 -8.806
4.085 -4.455 -5.083
2.477 -1.867 -2.812
-0.406 -1.061 -0.566
-3.838 -2.087 -1.865
-7.382 -1.636 -0.720
-9.725 -4.614 -1.118
-12.912 -6.168 0.379
-11.239 -9.505 0.989
-8.423 -10.127 3.511
-7.024 -12.991 1.321
-7.223 -14.452 -2.158
-7.554 -12.820 -5.536
-9.613 -9.630 -5.268
-11.086 -8.318 -8.503
-12.011 -5.134 -6.606
-8.598 -4.788 -5.130
-6.677 -1.749 -6.230
-3.564 0.101 -5.419
-4.152 2.662 -2.766
-4.384 6.145 -4.216
-1.029 7.997 -4.226
1.061 4.866 -4.478
4.193 5.045 -6.523
5.180 1.476 -7.098
8.341 0.365 -8.973
7.599 -2.002 -11.890
8.997 -5.449 -11.205
11.966 -6.143 -13.455
11.689 -9.304 -15.515
12.905 -12.418 -13.594
