-9.066 -6.400 -3.887
-6.644 -3.507 -4.027
-5.259 -3.207 -7.510
-2.011 -1.399 -8.224
0.698 -1.345 -10.836
3.953 0.353 -11.843
3.832 2.163 -15.175
7.470 3.064 -15.299
10.784 2.233 -13.602
13.920 4.372 -14.070
17.426 4.228 -12.452
19.322 1.226 -11.074
18.069 -1.750 -9.045
19.462 -0.183 -5.850
18.329 3.368 -6.830
15.105 3.438 -8.723
12.166 5.622 -9.228
8.742 3.976 -9.651
5.817 5.621 -11.307
2.690 3.916 -10.033
-1.061 3.670 -10.152
-3.242 2.480 -7.298
-6.142 1.931 -9.527
-8.939 0.786 -7.432
-10.072 -0.746 -4.168
-12.901 -3.221 -4.504
-15.540 -3.449 -1.879
-14.403 -5.569 1.104
-16.213 -8.663 2.278
-17.865 -7.993 5.658
-15.881 -9.192 8.678
-12.318 -9.199 7.404
-10.196 -7.830 10.234
-7.833 -4.782 10.047
-4.437 -6.397 10.764
-3.302 -3.644 12.961
-6.505 -3.181 14.917
-5.482 -2.608 18.592
-2.049 -1.421 17.862
-1.027 1.732 19.735
-0.646 3.475 16.341
-1.250 2.410 12.758
-1.296 4.162 9.454
-2.404 3.361 6.017
0.210 4.655 3.550
1.175 4.669 -0.078
4.407 2.714 -0.029
6.565 0.220 -1.887
7.936 -3.151 -0.959
11.406 -2.499 0.240
12.733 -5.906 1.281
12.389 -9.601 0.300
10.204 -10.039 3.333
7.734 -7.657 1.907
8.333 -4.856 4.356
7.502 -1.374 3.392
10.107 1.279 2.578
9.694 4.916 3.058
6.091 5.795 2.495
5.336 8.303 -0.269
2.721 9.644 2.033
0.351 8.805 4.841
-3.469 8.598 4.205
-4.965 8.012 7.693
-4.800 6.392 11.089
-6.486 3.010 11.133
-5.529 1.424 14.485
-9.093 1.986 15.815
-10.806 0.524 12.816
-11.814 -3.050 13.313
-12.387 -4.205 9.791
-10.823 -3.716 6.362
-14.186 -2.403 5.205
-13.863 0.403 7.766
-10.292 0.995 6.638
-11.484 1.223 3.047
-14.216 3.726 3.983
-11.769 6.032 5.619
-9.288 5.749 2.749
-12.047 6.589 0.228
-12.980 9.623 2.309
-9.443 10.933 2.176
-8.417 9.944 -1.348
-9.916 9.360 -4.715
-8.793 6.481 -6.868
-6.758 6.177 -8.956
-3.919 7.301 -6.756
-0.943 8.180 -8.916
2.551 9.152 -8.107
6.233 8.455 -7.827
8.221 6.680 -5.119
11.900 6.092 -4.723
13.702 2.973 -3.781
17.077 3.332 -2.219
18.693 0.275 -0.712
19.128 -3.357 -1.434
19.387 -4.243 -5.077
16.261 -6.022 -5.827
17.610 -7.993 -8.853
15.545 -10.860 -7.497
12.944 -8.967 -5.493
10.054 -7.499 -7.519
8.980 -4.105 -5.945
5.413 -3.322 -5.615
3.791 -0.035 -4.948
0.506 -0.169 -3.015
-1.321 0.532 0.180
0.593 -0.461 3.309
-0.162 -0.523 6.998
2.587 0.508 9.441
3.114 2.035 12.966
5.217 4.880 11.635
3.941 7.698 9.400
7.391 7.975 7.671
10.644 6.134 7.269
11.431 2.476 6.737
9.149 0.214 8.852
10.106 -3.412 9.468
6.476 -3.949 10.546
5.071 -2.243 7.488
3.190 -4.535 5.227
1.000 -4.478 2.195
-2.646 -4.338 3.042
-4.373 -7.722 2.772
-6.042 -8.421 -0.578
-3.579 -6.344 -2.585
-2.978 -7.275 -6.152
0.241 -5.551 -7.000
1.915 -5.372 -10.461
5.578 -6.320 -10.332
7.928 -3.446 -11.289
9.639 -3.919 -14.690
13.420 -3.949 -14.224
14.753 -0.400 -14.441
