-9.406 -2.259 -8.191
-6.267 -0.364 -7.113
-4.074 0.250 -10.123
-0.424 1.058 -9.727
2.728 0.917 -11.819
6.417 1.828 -11.816
7.549 4.275 -14.469
11.236 4.027 -13.789
13.676 1.716 -11.927
17.308 2.800 -11.376
20.293 1.414 -9.367
21.184 -2.202 -8.660
19.032 -5.286 -7.931
19.883 -5.068 -4.223
19.659 -1.214 -4.138
17.030 0.280 -6.368
14.979 3.384 -6.627
11.364 3.126 -7.931
9.494 5.957 -9.466
5.831 4.995 -9.166
2.270 5.958 -9.969
-0.780 4.823 -8.000
-3.128 5.774 -10.688
-6.512 5.098 -9.452
-8.723 3.263 -6.970
-11.906 2.105 -8.562
-15.049 2.121 -6.541
-15.262 -0.889 -4.193
-18.154 -3.333 -4.270
-20.216 -3.158 -1.060
-19.219 -5.712 1.601
-15.605 -6.484 1.004
-14.000 -6.624 4.438
-11.016 -4.559 5.571
-8.452 -7.283 6.357
-7.163 -5.588 9.369
-10.483 -4.527 10.904
-10.278 -4.933 14.678
-6.607 -5.052 14.856
-4.951 -2.880 17.495
-3.307 -0.719 14.882
-3.558 -0.615 11.090
-2.385 1.851 8.509
-2.778 2.307 4.863
0.593 3.125 3.363
2.364 3.594 0.121
4.821 0.761 0.090
6.612 -1.804 -2.032
6.543 -5.586 -1.893
9.783 -6.365 -0.283
9.674 -10.113 0.366
8.731 -13.262 -1.516
5.763 -13.548 0.818
4.449 -10.241 -0.407
5.140 -8.191 2.717
6.032 -4.611 2.540
9.375 -2.958 3.345
9.702 0.521 4.610
6.751 2.524 3.716
7.176 5.765 1.666
4.557 7.289 3.833
1.314 6.671 5.852
-2.038 7.755 4.546
-4.442 6.858 7.368
-5.487 4.557 10.168
-7.930 1.987 9.074
-8.292 -0.525 11.900
-11.745 0.872 12.795
-13.078 0.657 9.276
-15.035 -2.440 8.545
-14.990 -2.477 4.788
-12.574 -1.675 1.947
-15.136 0.790 0.680
-14.766 2.707 3.969
-11.009 2.442 3.657
-11.177 3.845 0.188
-13.336 6.777 1.338
-10.833 7.755 3.923
-7.896 7.383 1.605
-9.626 9.622 -0.966
-10.225 12.196 1.749
-6.564 12.279 2.624
-4.971 11.876 -0.829
-5.807 12.566 -4.409
-5.023 10.155 -7.182
-2.694 9.761 -8.976
-0.297 9.314 -6.114
3.236 9.748 -7.393
6.594 9.461 -5.862
9.807 7.582 -5.250
10.622 4.709 -2.946
13.767 2.763 -2.303
14.497 -0.889 -2.135
17.386 -2.097 -0.013
17.733 -5.807 0.522
17.376 -9.022 -1.269
18.262 -8.965 -4.901
15.200 -8.546 -7.249
16.357 -11.455 -9.431
14.663 -13.720 -6.891
11.913 -11.255 -5.786
9.904 -9.166 -8.075
8.703 -6.029 -6.269
5.904 -3.596 -6.932
4.740 -0.328 -5.402
1.189 0.102 -4.161
-1.120 0.557 -1.239
-0.463 -1.719 1.756
-2.179 -2.322 5.018
0.184 -2.386 8.008
-0.260 -3.100 11.708
2.455 -0.666 12.735
3.950 2.713 11.919
7.365 1.320 10.951
5.730 -0.273 7.927
7.845 -3.429 8.448
5.487 -6.169 9.470
5.181 -9.776 8.465
1.478 -9.160 8.503
1.519 -6.114 6.201
0.327 -6.818 2.731
-0.896 -5.248 -0.435
-4.426 -4.075 -0.095
-6.864 -6.563 -1.572
-7.863 -6.024 -5.165
-4.618 -4.367 -6.104
-3.332 -4.560 -9.589
0.358 -3.914 -8.926
2.765 -3.555 -11.877
6.067 -5.449 -11.370
9.150 -3.256 -11.183
11.374 -3.423 -14.269
14.976 -4.423 -13.574
17.115 -1.453 -12.654
