-2.650 -10.416 4.091
-2.318 -7.870 1.290
-0.379 -9.363 -1.584
1.318 -7.202 -4.231
4.127 -7.506 -6.766
5.918 -5.666 -9.537
5.871 -7.264 -12.957
8.146 -4.780 -14.665
10.699 -2.072 -13.804
11.966 0.290 -16.489
14.203 3.422 -16.365
16.950 4.195 -13.848
17.087 3.659 -10.121
16.541 7.402 -9.553
13.809 7.498 -12.301
11.932 4.230 -12.537
8.602 3.113 -13.701
6.969 0.187 -11.900
4.287 -1.982 -13.362
2.442 -3.405 -10.341
-0.183 -5.882 -9.308
-2.090 -5.678 -6.013
-3.368 -9.134 -6.272
-5.507 -9.730 -3.310
-6.523 -8.798 0.256
-7.247 -11.744 2.475
-9.897 -11.512 5.095
-8.612 -9.628 8.198
-8.548 -11.288 11.626
-11.124 -9.696 13.933
-9.752 -6.940 16.139
-6.744 -5.648 14.191
-6.854 -1.904 14.593
-6.747 0.639 11.694
-3.487 2.559 12.438
-5.003 5.864 11.570
-8.267 5.465 13.463
-8.990 8.883 15.155
-6.783 10.927 12.845
-8.297 14.111 11.403
-7.945 12.593 7.913
-6.689 9.269 6.522
-6.700 7.650 3.109
-5.985 4.344 1.602
-3.780 4.814 -1.505
-1.959 2.881 -4.097
1.592 3.940 -3.458
5.169 2.831 -3.396
7.746 2.827 -0.708
9.681 5.959 -1.298
12.143 6.081 1.687
14.254 3.798 3.825
11.804 4.359 6.648
9.085 2.874 4.570
7.279 6.136 3.832
5.159 6.215 0.775
5.889 8.567 -2.116
3.370 10.195 -4.257
0.299 8.025 -4.385
-0.817 6.752 -7.811
-4.362 7.270 -6.635
-6.616 7.321 -3.594
-9.107 4.486 -2.886
-10.994 5.553 0.328
-11.127 7.717 3.400
-10.631 5.449 6.527
-10.027 7.636 9.665
-13.529 6.690 11.007
-12.982 3.001 10.560
-11.903 1.227 13.695
-10.524 -1.996 12.287
-8.496 -3.120 9.250
-11.457 -5.424 8.519
-13.686 -2.372 8.102
-10.957 -0.728 5.980
-10.851 -3.804 3.798
-14.632 -3.798 3.327
-14.602 -0.223 2.159
-11.603 -0.793 -0.155
-13.362 -3.829 -1.700
-16.511 -1.716 -2.185
-14.507 0.914 -4.136
-12.025 -1.346 -6.033
-11.796 -4.923 -7.302
-8.661 -6.946 -7.050
-6.303 -7.365 -8.803
-5.433 -3.678 -8.885
-3.043 -3.104 -11.790
-1.205 -0.033 -12.853
1.972 1.947 -13.267
3.745 4.294 -10.802
6.839 6.374 -11.081
9.651 6.782 -8.712
11.516 10.031 -8.773
14.207 10.572 -6.214
17.211 8.964 -4.632
18.285 5.603 -5.977
17.116 3.201 -3.337
20.240 0.884 -4.005
19.729 -0.344 -0.350
15.843 -0.042 -0.029
13.862 -2.146 -2.427
10.733 -0.155 -3.697
7.429 -1.828 -3.299
4.095 -0.931 -4.661
1.086 -1.632 -2.431
-1.700 -0.190 -0.315
-0.701 2.689 1.973
-2.419 4.740 4.631
-1.714 8.511 4.750
-3.219 11.820 6.134
-2.984 13.441 2.667
-4.859 12.395 -0.515
-1.687 13.199 -2.635
1.971 14.024 -2.338
4.678 12.667 -0.087
3.486 11.974 3.496
5.993 11.309 6.236
3.156 9.588 8.035
2.277 7.452 5.029
2.946 3.844 5.538
2.241 0.541 4.052
-0.965 -0.909 5.375
-0.420 -3.529 8.077
-0.276 -7.137 6.824
1.168 -6.245 3.394
3.256 -8.755 1.639
5.014 -6.475 -0.808
7.165 -7.970 -3.657
10.485 -6.114 -3.944
10.772 -4.238 -7.248
13.365 -5.785 -9.566
16.135 -3.341 -10.505
15.089 -1.247 -13.622
