0.530 5.387 -7.006
0.522 2.346 -4.663
2.915 -0.473 -5.527
2.824 -3.860 -3.868
5.315 -6.815 -4.036
2.593 -9.399 -4.446
-1.078 -9.778 -5.298
-1.627 -10.814 -1.714
-0.014 -7.575 -0.413
-2.177 -5.621 -2.742
-5.279 -7.321 -1.564
-4.342 -6.814 2.065
-3.569 -3.137 1.351
-7.037 -2.741 -0.116
-8.630 -4.428 2.844
-6.556 -2.413 5.251
-7.900 0.770 3.634
-11.496 -0.273 3.808
-12.185 0.915 7.345
-10.512 4.309 6.544
-6.996 3.441 7.668
-4.328 5.764 6.367
-2.574 4.721 3.145
0.769 5.164 4.810
-0.159 2.847 7.618
-1.547 0.186 5.372
1.437 0.462 3.067
3.748 -0.123 6.006
1.672 -3.018 7.210
1.395 -4.803 3.852
4.840 -3.863 2.526
3.395 -1.724 -0.194
4.983 1.530 -1.174
3.512 4.797 -2.108
5.368 6.581 -4.827
4.682 10.016 -6.363
5.241 8.352 -9.807
3.247 6.165 -12.050
5.777 3.375 -12.322
6.200 0.648 -9.718
9.640 -0.498 -9.043
10.138 -3.990 -10.429
9.761 -5.850 -7.196
6.455 -3.964 -6.478
4.528 -4.317 -9.762
1.823 -6.352 -8.225
