0.947 6.049 3.367
0.519 2.492 1.583
-1.931 0.235 3.349
-2.054 -3.389 2.439
-4.797 -5.923 3.511
-2.046 -8.538 4.331
1.704 -9.004 4.702
1.606 -10.950 1.473
-0.018 -7.984 -0.350
2.675 -5.779 1.002
5.391 -8.055 -0.227
3.760 -8.203 -3.612
3.406 -4.452 -3.640
7.157 -4.183 -3.029
7.938 -6.655 -5.715
5.592 -4.923 -8.072
7.475 -1.680 -7.623
10.887 -3.260 -8.241
10.789 -2.868 -11.990
9.670 0.786 -11.610
5.946 0.144 -11.754
3.725 2.900 -10.550
2.672 2.705 -6.892
-0.894 3.196 -8.036
-0.667 0.243 -10.352
0.899 -2.024 -7.825
-1.553 -0.921 -5.180
-4.442 -1.794 -7.462
-2.863 -5.119 -8.279
-2.057 -6.093 -4.700
-5.182 -4.543 -3.131
-3.161 -1.979 -1.366
-4.537 1.450 -0.875
-2.662 4.645 -1.009
-4.105 7.126 1.495
-3.060 10.723 2.042
-2.961 9.809 5.776
-0.674 8.013 8.239
-3.395 5.595 9.429
-4.435 2.376 7.534
-8.061 1.430 7.979
-8.009 -1.233 10.847
-8.181 -3.975 8.193
-4.937 -3.037 6.432
-1.507 -3.994 7.653
1.094 -1.087 7.004
