0.089 -7.752 -3.062
0.246 -3.935 -2.859
2.767 -2.121 -5.058
3.551 1.539 -4.723
5.318 3.907 -7.233
7.678 5.269 -4.573
8.875 4.696 -1.039
6.970 7.779 -0.024
3.709 6.366 -1.470
4.383 3.144 0.389
4.788 4.906 3.640
1.631 6.846 3.106
-0.216 3.649 2.191
0.895 2.122 5.506
-0.223 5.160 7.425
-3.519 5.196 5.593
-4.068 1.541 6.667
-3.397 2.248 10.380
-6.908 3.202 11.366
-8.286 0.232 9.491
-9.041 1.985 6.229
-9.739 -0.216 3.297
-6.748 -1.227 1.166
-8.602 -0.221 -1.965
-9.221 3.236 -0.630
-5.634 3.798 0.490
-4.286 2.424 -2.736
-6.354 4.899 -4.689
-5.246 7.729 -2.453
-1.518 6.947 -2.573
-1.330 5.743 -6.147
-0.586 2.185 -5.098
-1.897 -0.725 -7.048
-3.307 -3.958 -5.791
-2.306 -6.953 -7.845
-3.312 -10.690 -7.612
0.460 -11.598 -7.598
3.730 -11.147 -5.775
5.563 -9.240 -8.468
5.256 -5.440 -8.754
5.337 -4.072 -12.187
8.266 -1.956 -13.249
9.032 1.090 -11.055
6.698 0.099 -8.175
8.388 -0.681 -4.920
6.706 -3.465 -3.061
