2.942 -8.393 2.083
2.318 -4.946 0.332
3.649 -4.743 -3.194
3.869 -1.451 -4.917
4.566 -0.744 -8.644
7.282 1.884 -7.655
9.174 3.353 -4.716
7.040 6.444 -5.034
3.820 4.380 -4.733
5.228 2.818 -1.646
5.965 6.131 -0.059
2.476 7.326 -0.853
1.013 4.149 0.571
2.877 4.832 3.828
1.670 8.389 3.878
-1.850 7.303 3.147
-1.871 5.121 6.191
-0.557 7.766 8.564
-3.947 9.133 9.485
-5.251 5.601 10.107
-6.656 4.980 6.669
-7.368 1.377 5.768
-4.607 -0.512 4.064
-6.978 -1.623 1.383
-7.936 1.889 0.553
-4.442 3.152 0.341
-3.422 0.171 -1.710
-6.143 0.971 -4.237
-5.181 4.607 -4.285
-1.473 4.053 -4.763
-1.812 0.989 -6.994
-0.265 -1.193 -4.391
-1.437 -4.678 -3.988
-1.790 -6.624 -0.866
-0.808 -10.272 -1.360
-0.992 -13.096 1.098
2.581 -14.009 0.073
6.130 -12.733 0.567
6.871 -12.331 -3.113
5.702 -9.323 -5.182
4.699 -10.213 -8.686
7.363 -9.052 -11.268
7.650 -5.069 -11.751
6.434 -4.383 -8.227
9.049 -3.031 -5.811
8.598 -4.162 -2.120
