-4.240 -5.101 -5.369
-3.612 -1.417 -6.178
-3.746 -0.204 -9.778
-2.688 3.209 -10.952
-3.290 5.188 -14.199
0.241 6.518 -14.420
3.728 5.991 -13.089
3.410 9.302 -11.360
0.224 8.148 -9.587
1.960 4.988 -8.521
4.840 6.813 -7.160
2.640 9.170 -5.251
0.630 6.234 -3.876
3.818 4.661 -2.579
4.862 7.855 -0.922
1.390 8.374 0.490
1.637 4.940 2.201
4.957 5.687 3.876
3.620 7.421 6.940
1.143 4.639 7.432
-1.768 6.230 5.594
-4.566 3.888 4.677
-4.455 2.361 1.202
-7.967 3.513 0.519
-7.143 7.086 1.318
-4.016 7.131 -0.760
-5.772 5.495 -3.643
-8.420 8.140 -3.575
-5.879 10.889 -3.367
-3.651 9.675 -6.223
-6.375 8.345 -8.456
-5.363 4.743 -8.014
-7.861 1.976 -7.517
-8.049 -0.965 -5.327
-9.250 -4.141 -6.881
-10.024 -7.582 -5.362
-8.038 -9.240 -8.175
-4.586 -9.341 -9.632
-5.414 -7.850 -12.961
-5.463 -4.075 -13.514
-7.848 -2.492 -15.903
-6.272 -1.183 -19.032
-6.214 2.506 -17.960
-4.590 1.504 -14.604
-1.865 -0.989 -15.498
0.868 0.966 -13.936
