16.911 12.715 4.354
13.800 11.354 5.944
13.573 10.632 9.683
10.680 8.906 11.348
9.452 9.028 14.967
8.667 5.337 15.289
8.948 2.068 13.346
5.374 2.026 12.194
5.645 5.648 11.058
8.491 4.521 8.779
6.524 1.546 7.525
3.604 3.824 6.745
5.942 6.331 5.086
7.263 3.624 2.761
3.744 2.572 1.751
2.775 6.205 1.138
5.779 6.511 -1.184
4.915 3.480 -3.298
2.632 5.337 -5.774
5.215 8.141 -5.998
3.668 10.548 -3.433
5.988 13.420 -2.521
8.085 12.974 0.585
6.537 16.162 1.966
3.005 14.798 1.771
4.083 11.486 3.180
5.812 13.342 6.051
2.751 15.196 7.191
0.695 12.058 6.670
2.870 9.886 8.916
4.730 12.160 11.322
8.008 11.553 9.581
10.148 14.569 8.687
12.486 15.737 5.910
15.789 17.309 6.862
18.486 18.750 4.634
21.260 16.950 6.470
21.796 13.225 6.966
21.844 12.956 10.763
18.443 12.197 12.212
17.904 13.208 15.859
17.243 10.798 18.724
13.516 11.493 18.710
13.245 10.686 14.994
15.390 7.610 15.230
13.473 5.311 12.853
