15.557 9.122 1.878
11.811 9.316 2.497
9.460 7.888 -0.119
12.316 6.984 -2.446
13.233 3.606 -3.922
16.100 1.133 -4.030
18.637 2.525 -6.501
20.010 -0.882 -7.388
23.559 -2.123 -6.720
26.101 0.566 -7.678
23.771 2.454 -10.041
25.165 5.645 -8.449
28.959 4.993 -8.670
29.846 8.459 -7.338
27.850 7.962 -4.121
30.051 7.309 -1.088
29.469 6.617 2.615
31.398 8.441 5.351
32.152 6.000 8.147
33.120 6.383 11.804
32.553 2.791 12.894
29.179 3.380 11.294
27.662 5.280 8.372
26.999 8.886 9.361
26.941 10.796 6.061
26.884 10.576 2.288
29.303 12.022 -0.238
30.222 12.417 -3.889
33.382 11.301 -5.673
34.620 14.112 -7.939
37.961 12.561 -8.925
40.066 9.545 -7.929
41.201 11.268 -4.739
38.502 13.762 -3.709
35.015 13.675 -2.228
32.527 16.499 -1.864
30.259 16.433 1.173
28.550 18.733 3.685
30.606 20.761 6.153
28.247 19.487 8.853
29.542 15.978 8.080
32.941 16.875 9.481
34.775 14.824 12.098
38.317 13.507 12.460
39.349 10.073 11.230
36.611 9.554 8.634
36.795 6.366 6.556
35.396 6.766 3.043
33.605 3.712 1.635
33.249 3.528 -2.157
31.320 1.034 -4.277
28.778 0.462 -1.512
25.143 -0.584 -1.860
24.282 -2.543 1.262
26.326 -0.629 3.829
25.600 -3.332 6.398
27.175 -6.072 4.293
30.575 -6.382 2.614
29.581 -7.319 -0.914
33.081 -7.456 -2.393
33.060 -4.402 -4.662
33.781 -1.802 -1.929
36.944 0.211 -1.390
37.481 1.585 2.105
39.854 4.528 2.047
40.661 6.702 5.042
40.267 10.428 4.515
43.673 12.112 4.801
42.007 15.464 5.413
38.474 16.847 5.636
38.338 20.525 4.646
35.122 22.363 5.526
34.384 25.586 3.631
36.117 28.522 5.436
32.810 30.418 5.596
30.675 27.555 6.945
27.952 28.732 9.360
27.117 25.937 11.835
23.843 27.583 12.892
22.230 28.302 9.500
24.340 25.805 7.529
25.237 28.548 5.048
28.269 27.298 3.043
27.506 23.696 3.961
30.182 22.019 1.845
33.337 20.016 2.602
36.168 18.463 0.588
37.657 15.160 1.694
41.002 14.053 0.279
41.630 10.295 0.155
44.737 8.862 1.834
45.144 7.092 -1.528
43.551 7.239 -4.993
40.500 5.044 -5.447
40.501 2.516 -8.263
37.821 3.923 -10.563
35.502 1.451 -12.333
31.828 0.795 -13.162
30.951 0.686 -9.453
33.319 3.464 -8.383
33.233 6.595 -10.539
33.307 10.358 -10.049
30.588 12.884 -10.876
31.207 16.101 -12.796
30.948 19.458 -11.045
28.636 22.037 -12.702
29.842 24.990 -14.803
26.521 26.743 -14.279
23.642 26.497 -11.792
20.508 24.441 -12.457
17.154 25.973 -13.403
13.935 25.533 -11.415
12.161 22.416 -12.639
15.394 20.574 -13.366
14.721 17.060 -12.076
17.532 15.592 -10.021
18.710 12.393 -8.418
19.128 12.483 -4.640
20.453 9.400 -2.877
21.576 8.098 0.491
21.227 5.653 3.376
19.410 8.123 5.593
16.181 7.794 7.571
13.359 6.415 5.388
10.496 7.663 7.552
9.062 11.164 8.014
8.128 10.296 11.578
10.497 8.293 13.720
13.451 6.556 12.080
14.289 3.462 10.023
17.551 3.047 8.131
17.956 0.965 4.962
20.743 -1.457 4.036
20.916 -0.548 0.362
21.209 2.874 -1.215
17.905 4.675 -1.761
17.135 7.030 -4.648
14.728 9.878 -5.343
14.019 11.907 -8.472
13.182 15.374 -7.223
12.928 18.638 -9.176
14.603 21.890 -8.148
12.047 24.287 -6.660
11.511 27.801 -8.023
13.174 30.623 -6.096
9.881 31.970 -4.733
8.494 28.612 -3.551
11.835 27.903 -1.872
11.853 31.239 -0.039
8.210 30.771 1.054
8.889 27.402 2.684
11.838 28.730 4.711
11.084 32.459 5.147
14.398 34.322 5.263
16.343 31.087 5.754
17.376 30.571 2.138
20.732 32.118 1.202
22.082 32.363 -2.353
24.232 29.299 -1.523
21.121 27.184 -1.103
18.292 25.840 -3.224
15.207 23.762 -2.508
14.346 20.516 -4.218
11.592 18.033 -3.570
7.838 18.117 -3.209
6.016 20.879 -1.356
3.126 18.491 -0.816
5.628 16.380 1.102
5.811 12.599 1.177
9.089 12.445 -0.774
12.293 13.937 0.593
15.817 13.340 1.886
16.335 13.028 5.636
18.944 12.658 8.395
21.538 10.116 7.270
21.530 11.503 3.737
23.762 14.376 4.953
26.470 15.346 2.474
24.944 13.098 -0.171
24.583 14.034 -3.865
21.903 15.919 -5.805
22.798 15.143 -9.409
21.010 16.907 -12.255
21.858 16.030 -15.856
25.130 14.421 -14.798
26.214 17.390 -12.686
26.497 17.580 -8.914
24.409 20.710 -8.317
23.686 20.160 -4.629
24.608 18.584 -1.297
22.120 17.225 1.270
22.227 20.039 3.823
19.130 20.675 5.972
15.364 21.006 6.278
12.447 21.227 8.710
11.605 17.639 9.573
11.550 15.239 6.616
8.963 14.919 3.857
6.710 17.515 5.468
4.321 19.575 3.346
5.897 22.905 2.365
9.190 21.825 3.947
11.367 20.392 1.115
15.064 19.605 1.321
17.431 22.580 1.302
20.643 21.896 -0.590
24.058 23.498 -0.912
24.345 25.278 -4.275
27.506 23.596 -5.583
27.750 25.801 -8.676
28.660 28.610 -6.269
31.664 26.685 -4.893
33.297 25.323 -8.054
36.172 27.831 -7.980
36.779 27.190 -4.279
36.718 23.428 -4.793
39.188 23.686 -7.670
41.392 26.056 -5.691
41.347 23.813 -2.602
41.983 20.591 -4.520
44.835 22.203 -6.449
46.641 23.556 -3.386
46.190 20.318 -1.430
