6.297 1.306 3.202
4.650 4.520 1.788
1.816 6.193 3.762
-0.881 7.642 1.495
-4.372 8.845 1.948
-5.346 6.177 -0.602
-3.738 2.876 -1.405
-3.650 1.459 -4.977
-2.363 -1.609 -6.650
0.692 -0.834 -8.836
1.523 -4.373 -10.102
-0.176 -7.750 -10.538
1.465 -9.023 -7.442
0.199 -6.238 -5.192
-2.184 -7.308 -2.612
-4.531 -5.243 -0.641
-4.726 -6.339 2.926
-6.527 -5.061 5.991
-4.501 -5.199 9.235
-5.268 -3.542 12.626
-8.068 -1.490 10.994
-5.812 -0.043 8.263
-5.516 -0.875 4.554
-2.112 -2.022 3.245
-0.652 -2.836 -0.087
1.897 -5.635 0.161
4.143 -6.664 -2.634
7.370 -8.509 -3.143
8.683 -5.255 -4.462
9.248 -2.933 -1.475
8.602 0.121 -3.647
5.005 -0.821 -4.036
4.285 -1.254 -0.303
1.609 1.258 0.815
-0.428 2.131 3.985
-3.806 3.949 4.102
-3.486 6.997 6.430
