2.539 3.216 -7.277
4.576 0.228 -5.893
3.352 -3.376 -6.582
3.903 -5.680 -3.575
2.607 -9.098 -2.506
1.402 -7.439 0.675
0.244 -3.909 1.079
0.380 -2.027 4.448
-0.452 1.378 5.736
2.745 3.553 6.143
1.122 6.793 7.439
-2.114 7.922 9.114
-3.305 9.310 5.822
-2.888 5.979 3.990
-6.106 4.431 2.961
-6.607 0.858 2.056
-8.904 0.466 -0.892
-10.116 -2.660 -2.690
-10.544 -2.138 -6.457
-11.043 -4.657 -9.296
-10.164 -7.557 -6.876
-6.890 -5.996 -5.743
-5.951 -4.163 -2.543
-4.532 -0.618 -2.914
-2.907 1.713 -0.492
-3.631 5.292 -1.543
-2.014 8.295 0.057
-1.486 11.972 -0.679
2.194 11.116 -0.615
3.042 9.228 -3.858
5.805 7.252 -2.013
3.216 5.468 0.087
1.021 4.344 -2.885
0.915 0.513 -2.990
-0.905 -2.185 -5.065
-1.421 -5.738 -4.125
0.098 -7.388 -7.241
