34.064 10.424 10.164
30.767 11.010 8.300
29.994 11.927 4.667
26.890 12.131 2.433
27.782 8.757 0.861
25.864 5.454 1.104
28.224 2.953 -0.563
25.932 0.114 -1.661
26.933 -3.132 -3.415
26.833 -2.853 -7.221
27.409 -6.314 -8.745
27.526 -9.851 -7.286
31.143 -9.365 -6.114
31.110 -6.253 -3.864
30.836 -6.714 -0.082
29.928 -3.994 2.448
32.350 -4.205 5.418
31.671 -2.799 8.911
34.419 -1.187 11.034
34.821 1.624 13.627
31.420 3.211 12.850
32.770 3.049 9.270
31.787 0.886 6.277
33.692 -0.239 3.162
32.695 -1.675 -0.210
35.323 -4.065 -1.520
34.762 -5.987 -4.781
36.659 -7.895 -7.487
35.598 -5.035 -9.776
37.730 -1.958 -9.034
34.809 0.310 -10.008
32.985 -0.890 -6.847
35.795 -0.080 -4.351
33.944 2.507 -2.204
33.777 3.282 1.533
31.097 5.088 3.588
32.347 8.274 5.306
