-0.957 4.562 1.889
-3.805 5.364 -0.406
-7.326 3.901 0.370
-9.014 2.472 -2.711
-11.971 0.172 -3.263
-9.641 -2.077 -5.209
-5.988 -2.587 -4.451
-3.493 -3.584 -7.237
0.165 -4.304 -7.448
2.039 -1.406 -9.203
5.609 -2.791 -8.953
7.351 -6.224 -8.506
8.167 -5.334 -4.966
4.579 -4.587 -4.076
3.228 -7.104 -1.673
-0.459 -7.734 -1.174
-1.175 -8.383 2.417
-4.456 -9.384 3.994
-4.837 -7.940 7.444
-7.979 -7.718 9.694
-10.158 -8.709 6.708
-8.734 -5.947 4.534
-6.301 -6.124 1.685
-3.130 -3.973 1.872
-0.449 -3.287 -0.675
2.830 -2.771 1.026
5.951 -1.670 -0.836
9.383 -0.231 0.150
8.242 2.814 -1.716
5.605 4.629 0.354
3.904 5.943 -2.867
2.810 2.426 -3.667
1.253 1.697 -0.254
-2.486 0.881 -0.649
-5.411 -0.078 1.713
-8.605 -1.763 0.702
-11.343 0.337 2.242
