3.903 -3.555 3.598
3.483 -7.178 3.189
4.687 -8.823 -0.072
2.242 -11.322 -1.533
1.793 -12.982 -4.832
-1.657 -11.581 -4.879
-2.690 -8.187 -3.584
-6.238 -7.722 -2.070
-8.146 -5.006 -0.490
-8.701 -5.580 3.258
-10.578 -2.354 4.039
-12.685 0.304 2.200
-9.857 2.768 2.407
-7.440 0.371 0.693
-6.432 1.621 -2.659
-4.861 -0.370 -5.352
-2.175 1.479 -7.124
0.211 0.477 -9.892
3.782 1.639 -9.490
6.846 0.695 -11.557
4.818 -2.120 -13.122
3.861 -3.655 -9.729
0.612 -3.502 -7.933
0.473 -1.910 -4.441
-2.180 -1.650 -1.847
-1.939 1.620 -0.022
-3.914 2.391 3.097
-3.776 4.752 6.041
-3.272 1.646 8.129
0.299 0.202 7.621
-0.980 -3.357 8.305
-3.009 -3.220 5.091
-0.138 -2.011 2.887
0.586 -4.746 0.264
2.965 -5.259 -2.704
2.493 -7.518 -5.746
5.564 -9.747 -6.008
