0.533 2.115 -2.953
-3.211 1.527 -2.954
-5.178 2.337 0.309
-8.127 0.014 0.770
-10.342 -0.897 3.701
-9.184 -4.484 3.177
-5.777 -5.519 1.957
-5.239 -8.803 0.040
-2.515 -10.611 -1.709
-2.729 -10.018 -5.542
0.237 -12.185 -6.568
2.444 -14.990 -4.973
5.147 -12.426 -4.222
2.753 -10.223 -2.229
3.546 -10.214 1.422
1.287 -9.064 4.159
3.045 -7.051 6.739
1.824 -5.236 9.875
3.393 -1.786 10.297
2.386 1.001 12.705
-0.806 -0.892 13.613
-1.949 -1.187 10.009
-1.825 -4.075 7.594
0.360 -3.550 4.471
0.816 -5.623 1.328
4.347 -5.307 0.033
5.225 -6.527 -3.371
8.149 -6.197 -5.742
5.565 -4.842 -8.125
4.600 -1.354 -6.912
1.083 -1.785 -8.397
0.341 -4.500 -5.815
1.513 -2.452 -2.808
-1.482 -2.049 -0.450
-2.209 -0.263 2.946
-5.069 -1.039 5.360
-6.837 2.195 6.110
