-20.210 5.302 15.373
-17.151 6.928 13.801
-17.179 5.832 10.175
-14.223 3.787 8.937
-12.710 3.383 5.534
-10.448 0.380 4.854
-7.648 0.553 2.263
-6.125 -2.882 1.471
-2.473 -3.733 0.727
-0.818 -5.059 -2.329
-2.787 -7.891 -3.934
-5.518 -7.327 -1.345
-7.724 -6.013 -4.115
-9.929 -8.025 -6.391
-9.365 -7.361 -10.033
-11.779 -8.026 -12.926
-10.887 -8.306 -16.525
-12.672 -8.252 -19.813
-10.795 -9.766 -22.704
-10.628 -9.068 -26.506
-7.069 -10.061 -27.202
-5.351 -10.109 -30.625
-3.108 -12.997 -29.481
-2.851 -15.453 -26.532
0.241 -16.958 -24.955
-1.204 -20.465 -25.146
-4.276 -22.269 -26.601
-5.895 -22.560 -23.067
-6.046 -18.754 -22.508
-9.257 -16.989 -23.188
-9.028 -14.841 -26.291
-12.345 -13.091 -25.720
-14.772 -12.810 -22.822
-18.378 -11.563 -23.003
-18.265 -9.806 -19.638
-15.859 -8.896 -16.805
-14.580 -11.936 -14.885
-12.525 -12.187 -11.668
-8.865 -12.208 -12.644
-7.481 -11.754 -9.041
-7.869 -14.010 -7.199
-9.119 -16.703 -9.566
-8.044 -20.061 -8.082
-8.305 -21.568 -11.626
-5.215 -19.504 -12.249
-3.329 -22.113 -10.179
-4.001 -24.842 -12.770
-1.104 -25.848 -15.141
-0.773 -22.906 -17.760
-3.370 -20.673 -15.862
-0.455 -18.681 -14.541
0.823 -17.793 -18.038
-2.680 -16.577 -18.953
-2.978 -14.596 -15.738
0.384 -12.938 -16.155
-0.366 -12.096 -19.795
-3.708 -10.610 -18.860
-2.575 -8.628 -15.805
0.654 -7.213 -17.289
1.041 -3.478 -17.723
2.526 -1.854 -20.796
4.786 1.046 -20.045
5.123 3.894 -22.511
8.583 5.509 -22.141
7.677 8.634 -23.928
4.570 9.440 -21.967
5.552 7.683 -18.701
2.055 6.132 -18.591
1.070 2.531 -17.997
-1.679 0.889 -19.944
-3.335 -2.491 -19.820
-2.177 -5.320 -22.108
-3.645 -5.147 -25.626
-7.326 -6.307 -25.625
-7.487 -6.299 -21.826
-9.702 -4.143 -19.716
-9.111 -4.070 -15.982
-11.376 -2.768 -13.247
-11.539 -2.798 -9.492
-14.931 -3.966 -8.196
-16.620 -2.959 -5.009
-15.457 0.637 -4.391
-17.223 1.648 -1.177
-18.128 -1.890 -0.468
-16.290 -4.293 1.934
-16.902 -7.594 0.120
-14.059 -6.965 -2.350
-11.428 -6.580 0.382
-12.820 -9.158 2.878
-12.230 -11.966 0.477
-9.752 -12.022 -2.379
-11.767 -14.628 -4.196
-15.383 -14.965 -5.222
-15.768 -18.259 -3.337
-14.740 -16.584 0.001
-11.911 -19.048 0.450
-9.214 -16.467 0.537
-10.006 -14.293 3.630
-8.071 -11.025 3.855
-9.821 -8.204 5.849
-12.815 -10.314 6.709
-11.724 -10.858 10.357
-11.144 -7.159 10.814
-14.497 -6.206 9.286
-16.246 -8.868 11.329
-14.620 -7.543 14.493
-15.952 -4.055 13.653
-19.385 -5.446 12.952
-19.372 -7.243 16.314
-18.677 -3.871 17.831
-21.646 -2.041 16.300
-20.356 -1.231 12.758
-22.472 -1.962 9.697
-20.855 -3.269 6.402
-21.063 -0.772 3.537
-22.501 1.851 5.796
-20.283 2.751 8.828
-17.395 0.561 7.583
-16.508 0.886 3.945
-13.557 -0.099 1.751
-11.606 1.658 -0.961
-9.933 -0.970 -3.247
-7.618 0.157 -6.003
-5.511 -1.197 -8.887
-2.326 -2.369 -7.133
-0.556 -2.601 -10.539
-0.543 1.156 -10.865
1.469 3.753 -9.027
-0.277 6.623 -7.279
0.412 9.207 -10.067
-1.731 7.231 -12.419
-4.729 6.724 -10.160
-6.134 10.288 -9.851
-9.692 9.020 -10.327
-9.299 6.724 -7.348
-8.140 9.573 -5.069
-11.064 11.720 -6.201
-13.461 8.892 -5.404
-11.709 8.329 -2.049
-12.188 12.031 -1.138
-15.835 11.691 -2.200
-16.284 8.599 -0.044
-14.845 10.416 2.972
-17.185 13.366 2.476
-20.141 11.180 1.852
-19.624 9.176 5.031
-19.005 12.320 7.026
-22.327 13.810 5.745
-24.250 10.646 6.480
-22.965 10.117 10.032
-22.015 13.618 11.131
-18.592 12.474 12.320
-15.033 12.643 10.882
-13.787 9.393 9.232
-11.050 6.990 10.379
-8.753 5.685 7.718
-7.246 2.243 8.133
-4.580 1.150 5.721
-2.763 -2.147 5.527
0.705 -2.485 3.940
0.624 -0.668 0.516
-2.731 0.827 1.460
-0.893 2.910 4.032
1.299 4.530 1.421
-1.775 5.309 -0.669
-3.425 6.881 2.300
-0.393 8.946 3.071
-0.185 10.013 -0.559
-3.908 10.914 -0.404
-3.645 12.921 2.818
-0.681 14.940 1.609
-2.761 16.250 -1.259
-5.602 17.392 0.837
-5.769 20.830 2.350
-5.165 20.923 6.110
-8.661 22.432 6.669
-10.124 19.510 4.753
-8.243 17.007 6.909
-9.285 18.775 10.119
-12.901 18.609 9.036
-13.209 15.142 7.576
-10.513 12.956 9.105
-10.577 11.644 12.600
-7.379 9.602 12.480
-5.108 7.382 10.443
-4.498 3.794 11.615
-1.546 2.305 9.814
-1.025 -1.466 9.818
2.488 -2.658 8.870
3.320 0.225 6.459
6.550 -0.172 4.410
7.320 3.598 4.963
10.924 3.105 3.934
10.194 0.338 1.472
10.650 -3.505 1.556
13.343 -5.700 0.181
10.838 -8.475 -0.692
9.550 -6.776 -3.880
13.073 -7.095 -5.235
12.984 -10.870 -4.687
9.547 -11.006 -6.361
10.947 -9.207 -9.384
14.065 -11.424 -9.566
12.844 -14.885 -8.771
9.022 -14.532 -8.731
8.474 -15.037 -4.941
4.869 -16.255 -4.241
4.162 -13.571 -1.421
3.494 -16.776 0.869
1.123 -18.704 -1.562
2.784 -22.291 -1.387
1.234 -23.229 -4.812
3.174 -20.480 -6.711
6.667 -22.123 -5.611
6.648 -23.619 -9.193
5.532 -20.619 -11.423
8.894 -20.434 -13.322
7.592 -16.960 -14.511
9.574 -17.058 -17.930
12.246 -14.125 -18.218
9.545 -11.782 -19.821
6.434 -12.272 -17.506
7.757 -11.950 -13.786
8.226 -8.084 -13.817
5.108 -6.408 -15.337
2.595 -6.968 -12.589
4.354 -5.300 -9.727
5.040 -1.561 -9.094
8.590 -0.924 -7.821
7.085 1.859 -5.639
7.874 -0.289 -2.518
11.593 -0.641 -3.204
13.846 0.171 -0.293
14.530 3.881 0.250
17.605 5.714 1.580
15.601 6.685 4.530
15.576 3.192 5.888
18.755 1.666 4.400
22.277 3.056 3.983
23.651 3.366 0.477
26.120 0.502 0.974
23.422 -1.953 2.195
23.544 -5.094 0.090
19.998 -6.141 -0.827
20.985 -8.967 -3.247
24.291 -10.814 -3.296
25.562 -12.837 -6.277
28.937 -14.505 -7.001
29.730 -11.793 -9.516
28.025 -8.712 -8.036
26.451 -7.048 -4.988
23.187 -5.046 -5.607
22.801 -1.954 -3.381
20.582 1.124 -3.404
23.021 2.549 -6.078
22.617 -0.328 -8.339
18.811 -0.365 -8.997
19.360 0.503 -12.695
21.741 -2.395 -13.130
19.437 -4.598 -11.136
16.582 -3.896 -13.616
18.953 -4.312 -16.564
20.118 -7.752 -15.323
16.464 -8.788 -15.085
15.841 -7.634 -18.698
13.185 -5.291 -17.249
14.619 -1.877 -17.999
11.122 -0.339 -18.041
11.000 -1.121 -14.338
13.793 1.394 -13.771
11.825 4.189 -15.391
8.722 3.131 -13.538
10.655 3.318 -10.261
12.052 6.796 -11.176
8.504 8.062 -11.456
7.314 6.799 -8.189
10.440 6.815 -5.893
9.943 10.451 -4.844
6.189 10.540 -4.418
6.660 10.391 -0.624
10.258 11.657 -0.464
11.117 12.793 3.100
8.103 11.013 4.540
6.068 14.213 5.281
3.640 14.114 8.232
-0.063 13.404 7.206
-1.419 16.309 9.321
-3.845 13.988 11.192
-3.661 11.914 14.361
-1.732 8.770 13.512
-1.834 5.357 15.097
1.175 3.480 13.808
0.822 -0.270 14.320
3.694 -2.426 13.104
5.139 -5.934 13.724
8.478 -6.547 15.454
10.564 -9.504 16.560
10.333 -11.767 13.526
13.164 -12.680 11.135
12.817 -10.416 8.061
14.997 -10.657 4.964
17.901 -8.323 5.061
19.886 -9.777 2.091
19.106 -12.405 -0.481
22.090 -14.618 -1.470
22.084 -16.032 -5.035
24.389 -18.492 -6.746
25.190 -18.502 -10.585
21.430 -19.053 -11.089
20.484 -15.308 -10.531
18.103 -13.724 -11.218
15.729 -16.593 -12.223
16.525 -19.069 -9.526
15.633 -18.943 -5.901
18.227 -17.506 -3.512
20.512 -20.186 -1.857
20.551 -18.119 1.357
18.970 -15.249 3.281
20.339 -12.928 5.903
17.738 -11.782 8.332
17.016 -8.706 10.373
14.241 -7.520 12.746
10.714 -7.020 11.218
7.337 -8.649 10.602
8.691 -11.376 8.194
7.943 -9.045 5.152
8.845 -5.497 6.118
11.885 -4.584 8.242
11.287 -2.740 11.544
13.559 0.047 10.348
11.158 0.667 7.545
7.829 0.318 9.439
8.981 2.426 12.470
9.585 5.520 10.304
6.125 6.821 11.214
7.858 7.794 14.476
9.503 10.609 12.554
6.176 12.375 12.443
6.349 12.927 16.240
6.913 16.707 16.581
6.433 17.458 12.859
2.651 17.901 13.194
0.383 19.201 15.999
-1.668 16.029 16.039
-0.372 13.115 18.191
1.526 10.129 16.763
1.047 6.821 18.543
3.614 4.077 18.006
2.282 0.622 18.729
4.883 -2.125 18.076
3.260 -5.599 17.902
5.731 -8.293 19.132
5.716 -11.601 17.283
3.059 -10.605 14.793
3.494 -11.521 11.094
2.877 -8.885 8.405
-0.337 -10.479 7.003
-1.507 -11.735 10.452
-1.857 -8.139 11.584
-5.267 -8.015 10.037
-6.235 -11.253 11.910
-4.463 -10.746 15.190
-6.531 -10.369 18.335
-3.978 -8.046 19.753
-4.225 -5.793 16.692
-8.010 -5.919 16.745
-8.049 -4.977 20.464
-5.971 -1.912 19.744
-8.208 -0.950 16.866
-11.240 -1.337 19.073
-9.656 0.688 21.829
-8.890 3.469 19.344
-12.261 3.511 17.627
-14.476 2.991 20.640
-12.397 4.912 23.253
