-16.002 -9.529 18.522
-16.093 -6.625 16.070
-14.889 -8.130 12.797
-11.761 -6.720 11.214
-10.731 -6.453 7.626
-7.048 -5.777 6.802
-5.973 -3.953 3.653
-2.236 -4.221 2.974
0.131 -1.536 1.562
2.018 -1.484 -1.684
3.713 -4.836 -2.271
1.985 -5.878 1.004
0.415 -9.079 -0.345
1.348 -11.957 -2.589
0.866 -12.147 -6.322
0.728 -15.319 -8.477
1.553 -15.655 -12.077
1.083 -18.120 -14.862
3.364 -17.826 -17.837
3.039 -18.394 -21.615
5.353 -15.771 -22.958
6.305 -15.167 -26.582
9.794 -14.099 -25.536
12.048 -13.971 -22.447
14.554 -11.367 -21.389
17.225 -14.081 -20.974
17.754 -17.881 -21.068
17.143 -18.229 -17.280
13.561 -16.835 -17.381
10.669 -19.179 -17.603
8.912 -18.985 -20.891
5.983 -21.160 -19.849
4.674 -22.493 -16.555
2.171 -25.284 -16.045
0.537 -23.776 -12.973
0.289 -20.508 -11.123
3.391 -19.767 -9.012
4.132 -17.129 -6.331
5.693 -14.181 -8.127
5.723 -11.915 -4.993
7.552 -12.620 -2.890
9.848 -15.242 -4.530
13.243 -15.183 -2.800
14.777 -17.036 -5.791
14.226 -13.797 -7.662
17.117 -12.368 -5.636
19.633 -14.634 -7.502
21.790 -13.046 -10.309
19.435 -12.524 -13.438
16.244 -13.494 -11.461
15.402 -9.857 -11.039
15.134 -9.298 -14.803
12.716 -12.192 -15.057
10.661 -10.844 -12.218
10.552 -7.332 -13.626
9.489 -8.719 -16.983
6.790 -10.910 -15.428
5.359 -8.233 -13.146
5.416 -5.416 -15.663
2.220 -3.702 -16.797
1.374 -2.545 -20.318
-0.320 0.750 -20.556
-2.689 1.478 -23.454
-2.748 5.230 -24.245
-5.881 5.112 -26.217
-7.943 3.222 -23.693
-6.174 4.386 -20.547
-6.116 0.765 -19.334
-3.298 -1.304 -17.895
-2.859 -4.912 -18.928
-0.505 -7.697 -17.969
2.643 -8.376 -19.968
2.035 -10.593 -23.014
1.718 -14.261 -21.959
1.435 -13.313 -18.277
-1.545 -13.967 -16.130
-1.708 -12.391 -12.710
-3.931 -13.292 -9.835
-4.284 -12.214 -6.253
-4.505 -15.149 -3.839
-6.263 -15.309 -0.544
-9.062 -12.748 -0.796
-10.865 -12.967 2.560
-8.003 -14.959 3.982
-5.013 -13.626 5.979
-2.206 -15.885 4.829
-1.381 -13.786 1.698
-0.875 -10.631 3.718
0.756 -12.177 6.814
3.705 -13.484 4.846
4.910 -12.180 1.502
6.605 -15.443 0.666
5.543 -19.090 0.592
8.247 -20.104 3.056
6.917 -17.627 5.700
10.287 -15.947 5.962
9.076 -12.541 4.934
6.571 -11.540 7.733
4.382 -8.483 7.042
0.964 -8.398 8.877
1.613 -11.577 10.776
2.434 -9.857 14.049
-0.673 -7.710 13.832
-2.899 -10.702 13.049
-1.299 -12.691 15.817
-1.876 -9.880 18.252
-5.584 -9.876 17.311
-5.782 -13.600 17.683
-4.261 -13.341 21.127
-7.108 -11.001 21.943
-9.862 -13.375 20.966
-9.980 -12.890 17.140
-10.048 -15.898 14.832
-7.986 -15.982 11.531
-10.099 -15.989 8.354
-13.204 -15.548 10.429
-13.324 -12.456 12.679
-10.114 -11.088 11.136
-9.932 -11.194 7.360
-7.753 -9.568 4.740
-8.447 -7.957 1.354
-5.380 -8.397 -0.918
-5.332 -6.664 -4.251
-3.207 -6.130 -7.317
-0.886 -3.431 -6.042
0.224 -2.793 -9.617
-3.084 -1.300 -10.573
-4.747 1.967 -9.732
-8.183 1.984 -8.123
-10.120 2.825 -11.356
-9.048 -0.474 -12.832
-9.969 -2.642 -9.874
-13.762 -2.281 -9.650
-14.179 -6.013 -9.085
-11.988 -5.779 -6.037
-14.111 -3.034 -4.471
-17.291 -5.024 -5.116
-15.727 -8.026 -3.429
-14.604 -5.804 -0.557
-18.190 -4.529 -0.056
-19.360 -8.142 -0.165
-16.799 -9.173 2.419
-17.944 -6.383 4.741
-21.563 -7.427 4.427
-20.755 -11.010 4.810
-18.826 -10.464 8.021
-21.502 -8.183 9.373
-24.162 -10.867 8.778
-22.058 -13.589 10.304
-21.080 -11.727 13.443
-23.938 -9.271 13.906
-21.583 -6.284 14.367
-20.238 -3.518 12.072
-16.712 -4.073 10.612
-13.466 -2.264 11.393
-11.303 -1.474 8.430
-7.564 -1.368 8.963
-5.383 -0.091 6.170
-1.632 0.152 6.023
0.175 2.625 3.764
-1.330 2.338 0.225
-4.105 0.231 1.715
-5.373 3.350 3.431
-5.865 5.138 0.160
-7.736 2.145 -1.204
-9.977 2.142 1.807
-10.646 5.794 1.485
-11.385 5.356 -2.164
-13.748 2.501 -1.249
-15.563 4.393 1.478
-16.183 7.399 -0.696
-18.154 5.247 -3.013
-20.431 3.796 -0.491
-23.687 5.405 0.470
-23.666 7.041 3.902
-26.496 4.720 5.054
-24.352 1.763 4.054
-21.391 3.081 6.003
-23.520 3.731 9.058
-24.772 0.230 8.951
-21.731 -1.795 8.106
-18.648 0.156 9.200
-17.599 0.570 12.752
-14.445 2.517 12.137
-11.464 3.134 9.931
-7.952 2.604 11.401
-5.307 4.104 9.166
-1.688 3.090 9.610
0.887 5.415 8.039
-1.319 6.660 5.195
0.407 8.772 2.493
-2.704 11.008 2.258
-0.700 13.616 0.365
1.662 11.177 -1.309
5.371 10.245 -0.756
8.508 11.262 -2.492
9.921 7.681 -2.286
7.976 6.377 -5.314
9.850 8.906 -7.365
13.172 7.464 -6.175
11.946 3.977 -7.010
11.123 5.116 -10.501
14.403 7.022 -11.007
16.944 4.721 -9.415
15.087 1.354 -9.134
15.181 1.518 -5.319
12.338 -0.954 -4.436
11.337 0.179 -0.848
14.200 -1.056 1.493
15.084 -4.474 -0.149
18.963 -3.839 -0.036
19.356 -6.240 -2.977
17.832 -4.230 -5.785
20.006 -0.989 -5.372
22.257 -1.169 -8.434
22.086 -3.503 -11.413
20.846 -2.468 -14.709
17.557 -0.830 -15.466
20.182 0.309 -18.325
18.132 1.654 -21.226
15.045 -0.381 -22.290
12.335 -1.297 -19.848
11.663 0.887 -16.794
8.466 -1.326 -16.921
6.768 0.132 -13.709
5.730 -2.422 -11.190
4.345 0.559 -9.308
1.396 3.078 -9.856
2.366 6.802 -9.680
-0.836 7.232 -7.565
1.410 7.890 -4.489
3.280 10.761 -6.051
3.387 13.898 -3.974
0.264 16.064 -4.161
-0.268 19.824 -3.836
-2.110 19.215 -0.661
1.084 18.268 1.083
3.811 20.109 -0.845
3.904 23.531 -2.510
4.265 23.595 -6.263
7.831 24.870 -6.067
9.036 22.150 -3.658
12.043 20.432 -5.187
11.578 16.664 -4.986
14.621 15.727 -7.113
17.666 17.915 -7.692
20.130 17.322 -10.517
23.068 19.433 -11.801
21.091 20.330 -14.840
17.514 20.522 -13.524
15.212 20.746 -10.424
12.069 18.511 -10.487
8.996 19.979 -8.715
5.270 19.236 -8.634
5.122 21.157 -12.011
7.637 19.024 -13.650
6.235 15.453 -13.364
5.798 15.268 -17.168
9.406 16.186 -17.746
10.419 13.881 -14.955
8.782 10.893 -16.737
10.169 11.990 -20.085
13.744 12.105 -18.683
13.235 8.621 -17.375
12.071 7.461 -20.861
8.842 6.388 -19.190
6.259 8.644 -20.860
3.475 6.202 -20.117
4.038 6.948 -16.456
2.832 10.533 -17.060
-0.481 9.392 -18.462
-0.843 6.820 -15.706
-0.349 9.595 -13.180
-2.952 11.834 -14.916
-5.491 9.085 -14.447
-4.902 8.525 -10.812
-3.863 12.006 -9.490
-7.470 13.119 -8.923
-9.001 9.954 -7.544
-8.946 11.415 -4.023
-8.720 15.112 -4.950
-9.414 17.346 -1.944
-9.113 14.447 0.441
-12.862 14.148 1.188
-13.932 12.877 4.632
-14.714 9.065 4.769
-18.003 9.540 6.678
-16.949 6.994 9.370
-15.101 7.217 12.668
-11.415 7.498 11.908
-8.382 6.519 13.909
-5.356 8.016 12.216
-2.122 6.400 13.380
1.064 7.764 11.823
4.802 7.881 12.572
6.624 11.076 13.540
10.128 12.087 14.595
12.184 10.176 12.043
14.240 11.672 9.216
12.178 11.343 6.050
13.327 12.277 2.552
12.075 15.518 1.330
14.616 15.971 -1.585
16.875 13.565 -3.454
20.135 15.052 -4.752
21.621 13.486 -7.933
24.886 14.012 -9.725
25.380 13.704 -13.587
24.458 10.037 -13.259
20.661 10.723 -12.972
18.430 8.891 -13.346
20.783 5.797 -13.565
22.550 6.160 -10.319
21.606 6.429 -6.699
21.201 9.931 -5.228
24.526 11.385 -3.802
22.552 13.216 -1.098
19.247 13.408 0.661
17.523 16.264 2.464
15.274 15.184 5.266
12.093 16.288 6.975
9.873 14.976 9.774
8.079 11.680 9.079
8.291 7.880 9.500
11.381 7.313 7.210
9.017 6.743 4.202
6.121 9.175 4.401
6.444 12.798 5.546
4.388 13.998 8.573
2.852 16.701 6.466
1.460 14.029 4.232
0.318 11.553 6.935
-1.275 14.265 9.186
-3.669 15.390 6.419
-6.309 13.137 7.954
-6.619 15.965 10.513
-8.412 17.920 7.848
-11.347 15.602 8.343
-11.917 16.964 11.921
-15.157 18.962 11.743
-15.930 17.912 8.131
-17.867 14.837 9.277
-20.071 14.129 12.329
-18.020 11.111 13.241
-14.885 11.750 15.367
-11.395 11.827 13.899
-8.626 10.678 16.174
-5.017 11.648 15.464
-2.483 9.363 17.037
1.130 10.353 16.274
3.572 7.510 16.993
6.971 8.957 17.964
10.015 7.113 16.674
8.095 4.517 14.791
9.248 3.573 11.237
6.704 3.283 8.449
6.832 -0.525 8.094
7.245 -1.128 11.875
3.735 0.226 12.435
2.295 -3.170 11.650
4.421 -5.028 14.237
5.221 -2.265 16.834
3.956 -2.932 20.372
2.946 0.639 20.771
0.833 0.533 17.610
-0.669 -2.813 18.567
-1.652 -1.490 22.014
-3.549 1.361 20.415
-5.252 -0.992 18.042
-6.288 -3.156 20.949
-7.532 -0.215 22.897
-9.627 0.898 19.924
-11.048 -2.520 19.122
-11.672 -3.679 22.678
-12.843 -0.310 24.134
