357.479 60.015 -74.773
360.299 57.894 -73.303
362.619 59.525 -70.702
366.427 59.660 -70.969
369.582 59.769 -68.812
372.894 61.219 -70.063
376.501 60.463 -69.073
379.219 62.641 -70.684
382.268 61.511 -72.644
385.829 62.767 -72.298
385.899 65.904 -70.107
382.124 66.468 -70.325
380.912 67.846 -66.973
381.417 70.662 -64.463
382.910 70.318 -60.971
383.355 72.299 -57.727
385.953 72.136 -54.932
387.267 73.462 -51.613
390.873 73.383 -50.385
393.149 73.298 -47.306
396.659 72.788 -48.731
400.042 72.625 -46.895
402.578 73.084 -49.766
402.799 74.658 -53.258
405.439 75.672 -55.847
404.448 79.223 -56.914
403.915 82.723 -55.535
400.454 83.336 -57.042
399.083 80.174 -55.444
396.814 80.751 -52.482
396.360 77.536 -50.481
392.986 78.137 -48.752
389.553 79.468 -49.769
386.716 81.334 -48.040
383.685 80.009 -49.956
382.868 77.211 -52.403
383.852 77.917 -56.022
383.503 76.493 -59.541
386.764 74.762 -60.519
385.324 73.852 -63.939
385.032 75.797 -65.961
387.169 78.695 -64.763
388.357 81.066 -67.527
390.830 82.942 -65.305
392.664 79.727 -64.314
394.025 79.166 -67.853
396.835 81.699 -67.573
399.984 79.563 -67.134
400.879 80.990 -63.686
397.284 80.266 -62.708
397.381 76.752 -64.192
400.490 75.830 -62.136
398.520 76.449 -58.933
395.776 74.482 -60.688
398.392 71.792 -61.559
399.567 71.137 -57.973
395.992 70.666 -56.724
394.637 68.603 -59.646
397.511 66.085 -59.624
396.638 62.747 -58.018
398.983 60.204 -56.407
398.525 56.772 -54.825
399.724 54.338 -52.181
399.899 50.741 -53.509
399.071 49.395 -50.027
396.348 51.952 -49.177
394.611 52.464 -52.572
394.548 52.625 -56.370
394.460 56.463 -56.425
393.953 59.221 -53.832
393.383 62.977 -54.164
395.979 65.697 -53.482
396.969 66.740 -49.933
394.129 68.749 -48.382
391.853 68.830 -51.449
388.313 67.423 -51.653
385.731 67.465 -54.450
381.962 67.231 -55.009
379.896 66.940 -58.213
377.213 69.649 -58.734
374.264 69.846 -61.140
373.085 66.415 -59.980
369.890 65.904 -61.982
370.300 69.213 -63.827
371.303 69.945 -67.434
373.466 73.103 -67.258
376.499 71.127 -65.998
376.744 69.215 -69.314
375.191 71.711 -71.767
377.672 74.393 -70.740
381.103 73.482 -69.388
381.330 76.961 -67.780
379.349 78.897 -65.160
379.455 81.960 -67.454
378.004 79.564 -70.096
380.459 80.261 -72.941
381.590 76.776 -74.048
378.593 75.118 -75.718
378.921 71.328 -75.943
375.424 69.815 -75.587
373.579 73.129 -76.030
372.638 72.263 -79.639
371.249 68.846 -78.655
368.971 69.966 -75.800
367.405 72.872 -77.743
366.202 70.319 -80.336
364.604 68.350 -77.484
362.611 71.401 -76.303
361.101 72.321 -79.704
360.110 68.653 -80.167
358.339 68.579 -76.765
360.886 67.649 -74.051
361.721 69.740 -70.947
365.001 70.069 -69.017
365.470 68.547 -65.531
362.278 66.458 -65.962
361.867 64.770 -69.366
365.648 64.801 -69.811
368.010 64.509 -66.824
371.827 64.506 -66.740
373.802 62.297 -64.339
377.019 64.262 -63.689
380.010 62.113 -62.731
383.670 62.056 -61.716
384.713 61.490 -65.339
388.399 61.839 -64.400
388.549 58.431 -62.680
387.836 54.808 -63.690
385.008 52.484 -62.442
387.171 50.548 -59.927
387.181 53.496 -57.499
383.639 54.701 -58.279
381.706 52.240 -56.081
380.128 55.208 -54.269
378.921 56.771 -57.543
377.307 53.676 -59.109
375.081 53.061 -56.060
374.202 56.778 -55.978
373.464 56.335 -59.704
371.231 53.348 -58.849
369.088 55.699 -56.734
368.746 58.222 -59.580
367.531 55.663 -62.155
365.024 54.220 -59.645
363.379 57.659 -59.276
363.116 58.152 -63.065
361.215 54.878 -63.575
358.735 55.453 -60.726
357.705 58.965 -61.855
355.970 58.264 -65.194
355.492 54.462 -65.220
357.572 53.340 -68.220
361.119 52.007 -68.800
363.797 54.493 -69.898
366.015 54.992 -72.979
369.723 55.415 -72.091
372.598 57.248 -73.832
376.393 57.447 -73.489
378.879 59.429 -75.613
382.612 58.627 -75.900
383.666 57.487 -72.385
380.028 57.709 -71.226
379.204 54.385 -72.886
382.225 52.662 -71.268
381.075 53.611 -67.747
377.548 52.417 -68.582
378.548 48.844 -69.517
380.519 48.331 -66.282
377.499 48.699 -63.970
375.177 46.576 -66.138
377.543 43.586 -65.769
377.639 43.623 -61.933
373.844 43.402 -61.541
371.597 40.506 -62.712
369.462 40.856 -65.865
366.186 40.892 -63.864
367.004 44.389 -62.567
367.781 45.693 -66.072
364.741 44.216 -67.888
362.244 46.112 -65.696
364.077 49.478 -65.688
365.442 49.614 -69.265
363.931 49.567 -72.788
366.947 50.426 -74.998
370.492 51.849 -75.095
372.163 54.203 -77.607
375.992 54.481 -77.698
377.566 57.522 -79.413
381.071 57.688 -80.931
381.747 54.412 -79.193
385.497 53.727 -78.892
385.141 50.083 -77.823
388.552 48.626 -76.953
390.359 51.967 -76.833
391.385 54.875 -79.069
394.651 55.815 -80.831
394.552 59.627 -80.395
395.173 59.384 -76.599
398.682 58.060 -77.469
399.877 61.602 -78.297
398.396 63.209 -75.151
400.646 61.318 -72.735
403.796 60.891 -74.843
404.753 64.425 -75.937
401.625 66.135 -74.624
398.643 66.805 -76.869
399.747 69.762 -79.003
396.373 69.614 -80.828
394.191 70.562 -77.861
396.740 72.591 -75.868
399.802 74.587 -76.987
399.933 77.072 -74.068
402.499 75.587 -71.658
406.217 75.017 -72.080
405.787 71.451 -73.344
407.685 69.464 -70.672
406.047 70.736 -67.434
402.438 70.223 -68.610
402.986 66.539 -69.508
403.208 65.844 -65.742
399.505 66.846 -65.404
397.864 65.477 -68.580
399.443 62.187 -67.455
397.142 62.134 -64.398
393.985 62.900 -66.429
393.023 59.201 -66.279
390.218 59.674 -68.848
392.841 59.475 -71.604
394.672 56.358 -70.194
391.608 54.083 -69.829
390.800 54.890 -73.494
393.951 53.054 -74.714
393.687 50.206 -77.286
392.564 46.664 -76.404
393.605 43.306 -77.893
390.198 42.564 -79.475
390.668 45.310 -82.081
394.453 45.705 -82.323
397.010 42.873 -82.682
399.812 42.503 -80.099
402.459 41.859 -82.785
401.212 44.892 -84.769
403.670 47.822 -84.862
402.450 51.051 -83.224
405.435 53.464 -83.150
409.080 53.577 -84.318
412.012 55.670 -83.000
415.717 56.055 -83.906
416.650 53.582 -81.137
413.738 51.158 -80.597
410.493 49.835 -82.129
407.353 49.614 -79.970
404.426 47.171 -80.037
401.468 46.624 -77.673
403.493 44.171 -75.558
406.096 46.766 -74.512
404.268 49.827 -73.136
406.395 48.877 -70.110
409.526 50.210 -71.876
407.732 53.438 -72.896
407.216 54.541 -69.275
410.830 53.537 -68.457
412.496 55.960 -70.912
409.899 58.554 -69.766
411.138 58.109 -66.147
407.529 58.016 -64.880
406.971 54.657 -63.154
403.637 55.837 -61.676
401.960 55.959 -65.121
402.584 52.290 -65.981
400.822 51.078 -62.791
397.692 53.217 -63.372
396.645 51.710 -66.727
397.441 48.135 -65.592
395.117 48.150 -62.562
392.403 49.681 -64.800
393.009 47.470 -67.879
391.626 43.981 -67.126
388.676 45.286 -65.052
386.582 45.674 -68.215
385.949 42.300 -69.860
385.990 42.795 -73.631
383.603 40.054 -74.788
380.496 40.285 -72.513
377.448 42.285 -73.683
375.130 44.600 -71.670
372.177 42.235 -72.286
369.663 44.798 -73.575
368.258 46.361 -76.760
371.166 48.393 -78.175
371.994 50.983 -80.856
375.656 51.805 -81.642
376.809 55.012 -83.363
380.286 56.095 -84.470
382.161 57.781 -87.328
383.314 55.875 -90.426
385.107 56.697 -93.698
387.320 59.405 -92.143
391.069 58.662 -91.962
392.033 58.589 -88.242
395.732 58.145 -87.458
396.632 54.469 -86.874
400.441 54.400 -86.531
403.108 57.032 -85.776
406.716 57.978 -86.567
408.581 59.604 -83.642
412.062 59.473 -85.275
412.610 63.251 -85.162
413.250 63.611 -81.401
413.849 61.158 -78.542
412.654 60.444 -76.011
409.869 62.992 -76.195
409.189 65.645 -78.972
406.103 66.879 -80.967
405.750 64.340 -83.795
405.540 64.694 -87.571
405.218 61.105 -88.835
401.677 59.725 -88.650
399.938 57.744 -91.425
396.210 57.018 -91.138
393.639 54.214 -91.366
389.799 54.303 -91.593
388.128 56.086 -88.626
386.391 59.305 -87.480
389.540 61.474 -87.000
389.675 60.172 -83.391
388.173 56.685 -83.003
389.461 54.022 -85.404
386.707 51.992 -87.086
388.256 48.880 -85.478
387.031 50.150 -82.093
383.475 50.527 -83.453
383.185 46.959 -84.793
382.550 45.515 -81.312
378.959 46.872 -81.383
378.067 44.224 -83.990
379.412 41.304 -81.930
376.663 41.557 -79.302
373.898 40.358 -81.693
374.622 36.714 -80.778
375.960 37.304 -77.251
372.620 38.448 -75.768
368.897 37.736 -76.364
367.569 41.222 -77.235
367.661 42.830 -80.737
370.737 44.846 -81.792
370.971 47.909 -84.079
374.081 49.170 -85.916
374.292 52.722 -87.312
377.132 53.714 -89.693
377.802 57.492 -89.764
379.809 58.631 -92.803
382.346 61.484 -92.604
381.612 63.119 -89.216
384.342 63.677 -86.576
384.280 62.705 -82.861
383.207 66.105 -81.455
381.319 67.206 -84.594
378.834 64.282 -84.382
377.090 65.683 -81.290
376.596 69.037 -83.043
375.664 67.571 -86.459
372.003 67.599 -87.551
372.094 64.053 -89.070
373.248 62.464 -85.823
370.407 64.292 -84.018
367.742 63.069 -86.478
368.741 59.443 -85.874
368.536 59.897 -82.111
365.007 61.332 -82.561
363.862 58.176 -84.401
365.020 55.996 -81.474
363.377 58.399 -78.981
359.813 58.392 -80.378
359.714 55.324 -82.685
378.779 40.597 -117.171
381.316 39.599 -114.493 
382.438 35.919 -114.347 
382.250 33.710 -111.236 
383.975 30.739 -109.559 
382.190 28.443 -107.073 
383.537 26.325 -104.196 
381.007 24.083 -102.381 
380.236 23.958 -98.669
379.842 20.876 -96.496
379.654 17.748 -98.691
379.031 19.717 -101.909 
380.802 17.927 -104.782 
381.073 14.595 -106.603 
384.080 12.252 -106.569 
385.439 9.141 -108.337 
387.814 6.360 -107.226 
389.649 3.120 -108.022 
390.762 0.451 -105.539 
393.303 -2.327 -104.833 
392.589 -3.375 -101.226 
394.231 -6.151 -99.119
391.757 -6.554 -96.187
388.042 -6.018 -95.392
385.450 -6.980 -92.731
382.393 -8.185 -94.715
381.297 -10.809 -97.231
379.659 -8.444 -99.751
382.824 -6.360 -100.045 
384.741 -6.817 -103.266 
388.280 -5.429 -102.942 
389.177 -4.663 -106.596 
387.454 -3.007 -109.579 
387.576 -3.385 -113.368 
386.821 0.192 -114.494 
386.603 3.669 -112.961 
383.344 4.383 -111.115 
381.436 7.214 -109.423 
381.813 6.881 -105.638 
379.634 9.970 -105.095 
376.840 9.853 -105.445 
376.065 6.137 -105.479 
372.461 5.234 -104.546 
373.129 1.489 -104.235 
375.934 2.010 -101.676 
373.523 3.277 -98.981
372.263 -0.157 -97.962
374.006 -0.845 -94.618
375.871 -3.962 -95.835
376.991 -1.847 -98.790
377.982 1.095 -96.567
380.257 -1.132 -94.422
382.348 -1.922 -97.506
382.096 1.821 -98.169
383.131 2.443 -94.513
386.396 0.443 -94.631
387.573 2.255 -97.777
386.495 5.802 -96.833
388.138 5.727 -93.382
391.431 7.630 -93.182
394.331 7.123 -90.746
397.676 8.864 -90.180
401.287 8.478 -89.120
402.453 11.334 -86.843
406.012 11.018 -88.211
405.030 10.700 -91.895
401.955 12.868 -92.243
398.872 14.638 -90.914
396.476 12.223 -92.695
396.817 9.486 -95.340
394.241 7.538 -97.373
393.181 3.916 -96.768
395.367 0.939 -97.787
395.278 0.562 -101.578 
392.749 3.335 -102.288 
393.355 6.433 -104.433 
391.054 9.280 -105.475 
390.653 11.928 -108.198 
388.248 14.887 -108.514 
386.106 14.969 -111.706 
384.008 17.747 -113.262 
386.993 20.108 -113.097 
385.637 23.292 -114.683 
382.165 21.794 -115.155 
378.892 22.463 -113.310 
377.158 19.056 -113.063 
379.444 17.936 -110.198 
378.003 20.628 -107.877 
374.494 21.107 -109.334 
373.730 17.411 -108.937 
375.449 15.325 -106.267 
374.595 12.163 -108.270 
375.424 10.818 -111.739 
371.738 9.876 -112.173 
371.081 13.557 -111.258 
368.472 13.027 -108.511 
369.762 15.150 -105.599 
369.378 18.796 -106.636 
371.531 21.162 -104.568 
372.641 24.036 -106.838 
370.212 23.189 -109.662 
367.863 26.041 -108.662 
370.694 28.601 -108.605 
372.204 27.849 -112.033 
368.847 27.826 -113.877 
368.325 31.434 -112.707 
371.740 32.285 -114.182 
370.754 30.917 -117.620 
367.461 32.847 -117.967 
369.311 36.032 -116.925 
371.997 35.490 -119.611 
374.782 33.285 -118.164 
375.981 29.946 -119.616 
377.395 26.867 -117.850 
381.096 25.900 -118.102 
381.946 29.346 -119.566 
380.274 32.318 -117.843 
380.006 30.279 -114.638 
382.610 27.638 -113.731 
382.782 25.345 -110.684 
386.086 24.453 -109.000 
385.487 20.965 -107.542 
387.640 20.130 -104.520 
388.578 17.515 -101.928 
386.089 19.011 -99.455
386.719 16.156 -96.996
390.168 17.451 -95.983
391.567 20.708 -94.534
393.897 23.285 -96.233
397.128 22.054 -94.566
397.243 18.969 -96.816
395.791 20.657 -99.922
398.982 22.340 -101.197
398.555 20.477 -104.503
394.978 21.751 -104.942
395.588 25.464 -104.245
398.314 25.712 -106.915
396.080 23.783 -109.341
393.384 26.297 -108.323
395.825 29.141 -109.092
396.001 27.867 -112.689
392.199 27.799 -113.032
391.694 31.413 -111.875
394.492 32.625 -114.193
392.634 31.188 -117.219
389.328 32.844 -116.218
390.874 36.335 -116.074
392.704 36.057 -119.416
389.635 34.927 -121.412
387.375 38.012 -121.227
389.663 40.774 -119.877
388.036 41.717 -116.552
388.495 40.767 -112.867
386.182 38.101 -111.419
383.503 37.946 -108.689
384.049 35.056 -106.228
381.631 33.004 -104.083
381.888 30.468 -101.241
379.067 28.736 -99.331
379.434 27.189 -95.849
382.941 25.615 -95.816
383.620 27.063 -99.289
384.318 30.502 -97.817
386.735 29.057 -95.212
388.905 27.430 -97.905
388.876 30.689 -99.889
390.348 32.864 -97.109
393.276 30.477 -96.513
394.795 30.913 -99.991
394.313 34.704 -100.077 
396.500 35.066 -96.952
399.514 33.142 -98.346
399.853 35.341 -101.454
400.635 39.110 -101.508
397.867 41.657 -102.192
399.334 42.608 -105.609
398.244 39.236 -107.029
394.698 39.615 -105.665
394.079 43.241 -106.758
394.582 42.436 -110.463
392.584 39.168 -110.516
389.711 39.989 -108.119
386.912 42.604 -107.981
384.724 41.327 -105.100
383.877 38.356 -102.849
380.496 37.050 -101.618
380.362 34.652 -98.622
377.190 32.576 -98.080
375.985 31.126 -94.755
379.382 32.015 -93.382
380.146 30.099 -90.159
383.210 32.158 -89.200
384.885 30.670 -86.119
382.987 27.379 -86.222
379.468 25.963 -85.868
377.593 24.272 -82.990
375.604 21.650 -84.963
378.771 19.617 -85.788
378.991 18.821 -82.027
376.200 16.218 -82.355
377.665 14.541 -85.472
380.792 13.276 -83.713
379.472 12.704 -80.176
376.474 10.377 -80.600
376.382 10.485 -84.395
374.112 12.894 -86.253
370.644 11.358 -85.901
369.202 14.322 -87.862
370.910 13.569 -91.174
371.306 9.791 -90.781
369.285 7.232 -88.781
370.069 4.139 -90.904
372.951 2.427 -89.074
373.072 0.803 -85.656
374.247 3.974 -83.912
377.632 2.853 -82.498
379.363 1.438 -85.627
378.647 4.466 -87.859
380.212 6.959 -85.410
383.617 5.467 -86.348
383.165 6.841 -89.917
381.451 10.226 -89.417
384.397 10.884 -87.082
386.780 10.805 -90.076
384.620 13.149 -92.199
386.977 16.041 -91.357
384.580 18.627 -92.859
382.596 18.533 -89.607
385.670 18.794 -87.253
387.265 21.904 -88.833
383.852 23.619 -88.459
384.099 23.534 -84.621
383.798 26.772 -82.565
386.629 29.308 -82.196
387.532 31.585 -79.267
386.641 34.839 -81.082
382.915 34.031 -80.960
382.587 31.655 -77.994
384.104 32.156 -74.509
386.449 29.502 -73.058
384.789 29.642 -69.613
381.334 29.365 -71.245
379.539 26.057 -70.559
378.832 23.902 -73.629
377.503 20.538 -72.346
376.610 18.851 -69.021
376.453 15.120 -68.128
375.590 13.088 -64.995
379.316 12.823 -64.153
381.148 15.869 -65.580
380.662 19.385 -67.007
382.420 20.370 -70.256
383.777 23.716 -71.483
385.897 24.685 -74.516
389.125 24.067 -72.570
388.444 20.345 -72.049
387.615 18.782 -75.436
390.654 16.690 -74.439
388.534 14.824 -71.847
385.702 14.277 -74.371
387.874 12.129 -76.662
389.251 10.257 -73.606
385.881 8.877 -72.425
385.116 8.182 -76.119
388.290 6.001 -76.306
389.224 7.579 -79.656
392.626 9.258 -79.242
392.973 9.746 -83.029
390.129 12.315 -83.124
391.719 14.738 -80.634
394.927 15.028 -82.725
393.066 15.773 -85.991
391.312 18.979 -84.874
394.421 20.277 -83.044
396.742 20.184 -86.077
393.956 21.871 -88.107
392.894 24.427 -85.445
395.584 27.145 -85.263
396.340 27.045 -89.021
393.541 29.549 -89.682
394.283 32.899 -88.037
391.001 34.367 -86.797
391.695 38.110 -87.040
393.267 38.703 -90.516
391.034 39.768 -93.439
391.146 38.670 -97.121
392.023 42.243 -98.194
389.366 42.686 -100.896 
385.851 44.035 -101.531 
383.572 41.679 -99.570
379.892 40.798 -99.061
378.872 38.480 -96.184
375.580 36.546 -96.055
374.138 34.320 -93.324
370.900 33.493 -91.493
369.649 35.535 -88.523
366.607 35.512 -86.211
366.243 31.704 -86.244
366.945 29.886 -82.952
369.960 27.576 -83.551
370.955 25.304 -80.663
373.691 26.877 -78.490
374.114 24.509 -75.517
373.179 20.865 -74.847
372.081 18.497 -72.069
373.464 14.940 -72.437
372.333 13.711 -68.990
370.165 10.873 -70.419
372.930 8.460 -71.425
376.683 8.387 -70.897
378.619 8.362 -72.978
376.656 7.240 -76.098
372.985 8.304 -76.249
370.870 10.365 -78.662
370.359 13.603 -76.754
367.142 15.313 -75.644
368.330 18.457 -73.831
369.217 21.347 -76.133
368.184 24.988 -75.582
368.747 27.520 -78.371
370.208 30.967 -79.087
369.866 33.284 -82.138
371.077 31.690 -85.419
369.968 30.078 -88.716
369.110 26.581 -87.343
372.765 25.613 -88.012
375.162 28.574 -87.787
374.926 30.693 -84.629
374.760 34.445 -85.291
377.979 34.773 -83.240
379.846 33.048 -86.088
378.440 35.558 -88.609
379.556 38.685 -86.716
383.173 38.324 -87.895
382.187 39.600 -91.379
381.717 43.096 -89.908
385.168 43.205 -88.280
387.013 43.405 -91.610
385.780 46.965 -92.387
388.750 48.462 -90.499
391.216 45.594 -91.025
391.596 46.111 -94.799
391.455 49.057 -97.251
388.598 48.001 -99.574
384.850 48.588 -98.901
382.869 45.971 -96.935
379.193 44.946 -97.269
377.057 43.174 -94.635
373.788 41.417 -95.545
371.378 40.239 -92.801
369.031 37.426 -93.949
365.985 36.957 -91.698
364.470 33.515 -91.026
366.127 31.262 -93.647
367.953 28.019 -92.698
371.483 26.903 -93.713
370.489 24.656 -96.655
367.279 26.564 -97.489
369.163 29.830 -98.245
370.706 28.468 -101.460
367.262 27.427 -102.720
365.425 30.562 -101.510
364.437 33.211 -104.078
365.350 36.191 -101.869
368.963 35.007 -101.384
369.211 34.618 -105.188
367.916 38.162 -105.823
370.653 39.654 -103.604
373.351 37.666 -105.417
372.019 39.035 -108.745
372.463 42.641 -107.543
376.144 41.965 -106.727
376.599 40.178 -110.087
375.398 42.958 -112.428
375.445 46.116 -110.240
401.137 90.726 -23.161
403.782 92.562 -25.221
402.624 94.479 -28.352
404.046 93.971 -31.862
404.672 95.829 -35.144
404.957 94.040 -38.515
406.801 94.995 -41.718
406.293 92.696 -44.747
408.941 90.955 -46.834
409.127 90.738 -50.615
405.849 91.971 -52.154
403.929 91.822 -48.852
401.448 94.727 -48.763
398.551 96.329 -50.636
398.619 99.688 -52.437
396.267 102.229 -54.070
396.767 104.808 -56.844
395.317 107.544 -59.061
396.505 108.534 -62.543
396.742 111.379 -65.092
398.898 109.955 -67.912
399.927 111.570 -71.255
401.181 108.550 -73.295
400.689 104.752 -73.517
401.435 101.834 -75.896
398.147 99.871 -76.111
394.511 100.244 -77.125
392.946 98.844 -73.924
394.840 101.330 -71.767
392.744 104.135 -70.346
394.963 106.971 -69.077
392.707 108.649 -66.460
390.424 107.491 -63.623
387.244 108.781 -61.967
387.702 107.510 -58.391
390.455 105.994 -56.243
391.056 102.273 -56.825
393.013 99.317 -55.430
396.052 98.671 -57.651
397.103 95.725 -55.458
395.728 93.268 -55.573
393.699 93.492 -58.774
392.693 90.118 -60.283
391.465 91.590 -63.585
394.812 93.327 -64.274
396.669 90.010 -64.762
395.437 89.415 -68.303
398.467 90.241 -70.501
396.751 93.095 -72.398
395.758 94.446 -68.985
399.271 93.993 -67.561
400.827 96.043 -70.412
398.758 99.054 -69.336
399.849 98.075 -65.821
403.468 97.834 -67.115
403.670 101.389 -68.527
402.406 102.919 -65.266
404.398 100.766 -62.813
407.759 101.317 -64.554
410.022 103.831 -62.808
412.830 105.942 -64.303
415.335 108.444 -62.886
417.354 111.578 -63.528
420.949 111.288 -62.209
420.887 115.087 -61.748
417.331 114.923 -60.456
417.116 111.963 -58.125
417.848 108.307 -57.500
414.408 107.208 -58.798
411.143 108.965 -59.730
407.648 107.649 -60.510
406.072 107.405 -63.981
404.692 110.465 -65.828
401.432 111.557 -64.186
401.196 108.723 -61.637
401.120 109.121 -57.843
400.731 106.576 -55.039
399.606 106.318 -51.401
399.817 103.441 -48.888
396.484 102.346 -47.313
395.724 100.152 -44.289
398.053 102.279 -42.154
397.734 100.679 -38.714
395.373 97.973 -39.989
395.951 94.253 -40.607
393.936 93.428 -43.760
396.581 95.008 -46.038
399.152 92.340 -45.051
396.895 89.388 -44.134
395.231 89.493 -47.541
397.063 90.845 -50.583
393.675 91.415 -52.299
390.566 93.506 -51.585
388.413 90.453 -52.421
390.600 88.665 -49.808
391.599 85.604 -51.872
395.404 85.438 -51.481
396.104 84.466 -47.862
399.658 85.277 -46.767
399.565 86.234 -43.064
395.999 85.002 -42.490
397.242 81.830 -40.744
399.520 83.797 -38.394
396.972 86.356 -37.150
394.226 83.780 -36.448
396.637 82.062 -34.016
397.109 85.430 -32.286
393.341 85.837 -31.737
392.725 82.404 -30.145
395.717 83.025 -27.842
394.301 86.412 -26.721
395.489 89.129 -29.154
393.229 91.483 -31.163
393.761 93.059 -34.603
394.489 96.798 -35.037
395.210 97.141 -31.282
397.345 94.361 -29.759
398.890 93.712 -33.178
399.374 96.523 -35.718
400.840 96.388 -39.240
403.016 99.189 -40.641
402.364 99.090 -44.412
405.216 100.431 -46.541
406.453 101.212 -50.049
408.209 97.830 -50.232
409.112 98.425 -53.895
411.807 101.007 -53.077
414.994 101.077 -50.956
415.675 103.076 -47.716
417.656 105.900 -49.406
414.466 107.415 -50.862
412.196 106.538 -47.912
413.125 109.435 -45.591
409.443 110.444 -45.494
408.346 106.940 -44.430
410.842 106.383 -41.585
409.816 109.605 -39.797
406.143 108.707 -40.339
407.120 105.296 -38.912
408.714 107.067 -35.919
405.294 108.571 -35.126
403.576 105.164 -35.271
405.983 103.466 -32.827
405.712 106.415 -30.396
401.922 105.914 -30.179
402.261 102.156 -29.518
404.558 102.677 -26.511
402.417 105.393 -24.887
399.147 103.401 -25.028
399.875 100.489 -22.652
403.086 101.535 -20.841
405.595 98.846 -21.878
408.298 98.456 -24.567
407.377 96.567 -27.751
408.513 93.349 -29.486
409.369 93.872 -33.189
409.256 91.533 -36.220
410.475 91.594 -39.836
410.169 88.869 -42.501
412.402 88.603 -45.601
413.007 92.233 -46.713
411.126 93.491 -43.629
414.154 92.861 -41.413
416.486 94.719 -43.825
414.374 97.900 -43.663
414.262 97.626 -39.859
418.049 97.656 -39.344
418.521 100.790 -41.482
416.480 103.077 -39.200
417.975 101.712 -35.959
421.475 102.759 -37.119
420.584 106.427 -37.822
419.214 107.078 -34.315
421.195 106.881 -31.024
420.790 103.878 -28.692
419.019 105.972 -26.004
415.919 106.204 -28.218
415.876 102.438 -28.851
416.433 101.273 -25.237
413.264 102.994 -23.964
410.975 101.971 -26.861
412.219 98.423 -27.604
412.496 95.142 -25.646
413.416 92.614 -28.382
413.548 91.929 -32.142
412.683 88.773 -34.131
413.945 88.393 -37.738
412.246 85.819 -40.009
413.812 84.119 -43.055
416.591 86.650 -42.772
418.591 86.915 -46.021
421.452 88.967 -44.552
423.875 90.011 -47.301
421.573 89.101 -50.183
419.900 86.095 -51.819
420.745 83.959 -54.883
417.210 83.331 -56.235
416.786 87.005 -57.317
419.533 86.336 -59.929
417.036 84.494 -62.174
414.297 87.158 -61.881
416.296 89.869 -63.651
418.391 87.778 -66.062
415.865 85.701 -68.034
412.820 86.676 -65.983
411.586 84.507 -63.133
409.872 81.586 -64.883
409.121 80.064 -61.443
406.746 82.777 -60.239
405.465 83.988 -63.625
405.146 82.192 -66.990
402.295 84.295 -68.457
404.054 86.866 -70.662
406.109 86.398 -73.805
409.410 86.189 -71.920
411.293 89.196 -73.374
408.774 92.050 -72.836
408.096 91.271 -69.153
411.801 91.396 -68.190
411.631 95.190 -68.738
409.216 95.449 -65.749
410.536 92.873 -63.244
413.820 94.769 -63.690
412.255 97.848 -62.041
410.818 95.866 -59.092
413.702 97.084 -56.898
412.788 94.648 -54.084
414.629 91.908 -55.989
417.791 94.018 -56.772
418.541 95.169 -53.192
418.362 91.476 -52.163
421.509 90.631 -54.208
424.543 88.961 -52.538
427.058 90.848 -50.372
430.804 90.284 -49.887
430.507 89.167 -46.234
428.849 85.881 -47.246
430.024 85.322 -50.831
433.628 85.608 -52.106
434.448 88.027 -54.957
436.676 85.473 -56.738
433.948 82.808 -56.367
432.313 81.773 -59.669
428.581 82.527 -59.965
427.575 81.765 -63.588
429.151 80.408 -66.804
428.102 80.929 -70.461
429.376 79.741 -73.877
431.314 83.018 -74.281
432.242 84.364 -70.817
432.524 83.456 -67.111
431.009 85.766 -64.472
432.065 86.540 -60.893
430.855 89.129 -58.347
433.340 91.717 -59.659
431.798 91.860 -63.149
428.039 92.448 -62.781
429.012 95.496 -64.870
429.452 93.255 -67.950
426.112 91.491 -67.302
424.087 94.692 -67.793
426.198 95.554 -70.881
425.259 92.438 -72.899
421.675 92.960 -71.631
421.704 96.491 -73.176
420.082 97.928 -70.025
422.455 100.541 -68.573
419.756 101.822 -66.168
419.802 98.577 -64.127
423.516 98.733 -63.244
423.157 102.227 -61.690
420.173 101.252 -59.493
421.896 98.513 -57.460
425.125 100.545 -57.086
423.500 103.581 -55.432
421.601 101.164 -53.135
424.527 98.784 -52.410
426.922 100.548 -50.002
424.128 102.346 -48.086
423.702 99.323 -45.801
426.843 98.709 -43.747
427.297 94.951 -43.373
429.078 94.734 -40.008
427.137 97.031 -37.588
424.441 95.530 -35.320
421.007 96.953 -34.337
422.114 97.181 -30.677
419.154 95.379 -29.083
417.959 91.970 -27.850
417.608 89.887 -31.035
416.246 86.553 -32.306
417.119 85.366 -35.845
415.109 82.764 -37.790
415.752 81.205 -41.204
415.642 77.892 -43.085
418.509 75.377 -42.972
419.232 71.908 -44.401
417.317 72.531 -47.653
419.396 72.695 -50.859
418.973 76.232 -52.307
420.627 76.895 -55.670
424.120 78.416 -55.264
425.586 78.547 -58.796
424.103 78.394 -62.314
424.849 77.169 -65.842
423.431 79.428 -68.595
425.243 77.699 -71.498
421.997 76.777 -73.328
421.130 80.214 -74.684
422.851 83.594 -74.752
421.876 85.991 -73.555
418.094 85.387 -73.028
416.918 81.851 -72.257
415.302 79.976 -69.375
418.181 78.120 -67.705
418.666 74.405 -67.039
422.016 74.210 -65.224
421.815 74.974 -61.510
423.549 72.955 -58.764
422.674 73.646 -55.121
424.226 74.347 -51.712
422.704 74.322 -48.181
419.774 76.775 -47.755
415.962 77.089 -47.498
415.142 76.774 -51.251
415.518 80.588 -51.474
417.951 82.005 -48.898
421.385 80.359 -48.746
422.515 79.461 -45.217
425.517 81.773 -45.775
423.121 84.742 -45.639
421.720 83.534 -42.292
425.100 83.250 -40.531
425.328 87.027 -39.976
422.739 86.790 -37.150
425.360 85.069 -34.968
428.001 87.776 -35.480
426.096 90.383 -33.456
426.650 88.576 -30.106
429.963 90.424 -29.607
429.135 93.568 -31.605
426.474 94.861 -29.176
425.806 94.691 -25.402
422.385 92.968 -25.296
421.806 89.158 -25.409
421.448 87.418 -28.796
419.343 84.365 -29.753
419.856 82.078 -32.776
417.098 79.747 -34.030
417.870 77.026 -36.623
414.778 75.880 -38.589
415.242 72.534 -40.371
413.635 71.799 -43.758
411.102 74.642 -44.205
411.053 76.872 -47.332
411.034 80.707 -47.511
407.260 81.185 -47.970
406.272 77.975 -46.135
407.865 79.121 -42.826
405.224 81.805 -42.211
402.448 79.232 -42.687
404.180 76.407 -40.771
402.961 75.564 -37.250
406.452 75.037 -35.792
407.644 78.540 -36.801
404.494 79.950 -35.142
405.128 78.047 -31.883
408.621 79.576 -31.572
407.250 83.087 -32.136
404.701 82.459 -29.336
407.496 81.629 -26.856
409.212 84.973 -27.597
405.850 86.795 -27.344
404.796 85.657 -23.845
408.029 84.291 -22.289
379.618 124.321 -91.956
381.395 121.937 -94.357
380.539 118.189 -94.151
383.103 115.396 -93.672
383.714 111.714 -94.491
386.026 109.486 -92.412
388.039 106.379 -93.351
389.890 104.600 -90.499
393.578 103.734 -90.287
395.117 100.452 -89.176
392.438 98.220 -87.601
389.906 101.062 -87.230
386.402 99.657 -87.836
383.930 97.004 -86.673
382.816 93.943 -88.650
380.198 91.151 -88.586
380.172 87.601 -89.992
378.349 84.296 -90.466
379.927 80.862 -90.939
379.444 77.355 -92.412
382.841 75.658 -91.939
383.906 72.066 -92.812
387.171 71.645 -90.800
388.889 73.039 -87.662
391.817 72.229 -85.320
390.375 72.574 -81.782
387.698 71.166 -79.491
386.140 74.494 -78.425
385.562 75.534 -82.035
381.961 75.385 -83.184
381.769 75.523 -86.987
378.267 76.946 -87.588
376.111 79.742 -86.102
372.391 80.347 -85.558
372.207 84.152 -85.917
374.422 87.009 -87.119
377.054 88.149 -84.607
379.655 90.870 -84.058
383.125 89.457 -84.826
384.701 92.830 -83.887
384.910 94.155 -81.114
384.896 90.826 -79.315
385.981 90.496 -75.733
385.334 86.761 -75.175
387.266 85.705 -78.314
390.637 86.863 -76.901
391.193 83.826 -74.694
393.853 81.783 -76.553
391.641 78.692 -77.032
388.999 81.080 -78.373
391.491 82.887 -80.631
392.571 79.594 -82.283
388.998 79.062 -83.499
389.182 82.743 -84.462
392.558 82.034 -86.169
391.308 79.253 -88.489
388.411 81.397 -89.744
390.268 84.721 -90.105
393.170 83.247 -92.108
393.001 83.954 -95.845
394.568 81.978 -98.714
394.707 82.424 -102.500
394.836 80.704 -105.870
397.319 82.374 -108.265
395.161 81.377 -111.260
391.802 82.352 -109.706
392.588 85.356 -107.547
394.895 87.559 -105.489
393.252 86.531 -102.176
390.103 84.616 -101.160
388.352 84.142 -97.803
388.435 80.976 -95.663
386.362 77.865 -96.510
382.693 78.546 -95.736
383.154 82.040 -94.251
381.602 85.270 -95.564
381.702 88.844 -94.258
379.729 92.111 -94.403
380.558 95.629 -93.140
378.014 97.192 -90.717
377.564 100.775 -89.497
377.524 102.002 -93.103
376.958 105.747 -92.708
376.992 105.538 -88.904
379.623 106.640 -86.372
379.566 103.969 -83.623
381.553 101.506 -85.781
384.636 103.789 -85.713
384.138 105.659 -82.413
383.959 102.380 -80.500
385.740 99.211 -81.785
383.370 97.132 -79.598
379.573 96.588 -79.375
379.816 96.930 -75.573
381.570 100.261 -76.373
384.667 99.834 -74.176
387.581 100.632 -76.522
387.403 104.361 -77.273
389.359 105.340 -80.389
387.522 108.240 -82.075
385.209 108.937 -79.117
387.267 111.990 -78.066
387.197 113.476 -81.581
383.438 113.241 -82.216
382.433 114.709 -78.826
384.394 117.866 -79.759
382.387 118.016 -83.001
379.057 117.965 -81.109
379.860 120.812 -78.671
381.076 122.903 -81.636
377.799 122.313 -83.544
378.103 119.076 -85.579
375.777 116.039 -85.325
376.521 112.327 -85.834
375.249 110.400 -88.894
374.355 113.693 -90.655
376.973 116.464 -90.384
379.678 113.825 -89.905
379.422 110.384 -91.542
381.826 107.424 -91.360
382.506 105.172 -94.362
383.329 101.768 -92.818
385.557 99.557 -94.968
387.292 96.192 -95.315
390.511 97.656 -93.889
392.137 94.198 -93.850
392.584 94.082 -97.644
394.306 96.266 -100.278
392.679 98.381 -103.077
393.291 95.843 -105.892
390.501 93.574 -104.603
388.204 96.378 -103.384
386.605 97.305 -106.733
383.177 96.599 -105.208
383.823 98.955 -102.267
385.094 101.992 -104.216
381.982 102.110 -106.435
379.785 101.652 -103.343
381.871 104.493 -101.862
381.157 106.574 -104.991
377.432 106.305 -104.187
377.952 107.473 -100.590
379.896 110.632 -101.539
377.297 111.518 -104.209
374.544 111.559 -101.547
376.578 113.802 -99.202
377.069 116.500 -101.861 
373.416 116.582 -102.972 
371.980 116.996 -99.446
373.288 120.452 -98.445
374.612 121.938 -101.720
378.337 122.410 -101.024
381.555 120.427 -101.657
382.923 118.292 -98.804
386.101 118.231 -96.669
387.741 114.767 -96.538
389.920 113.044 -93.905
392.060 109.890 -93.686
394.171 108.642 -90.752
397.097 106.190 -91.071
396.019 103.689 -93.784
392.845 105.732 -94.404
394.782 108.286 -96.454
396.428 105.550 -98.578
393.045 104.121 -99.632
391.815 107.640 -100.437 
394.570 108.458 -102.962 
393.998 105.236 -104.939 
390.427 106.100 -105.986 
391.215 109.743 -106.835 
393.772 108.595 -109.446 
391.375 106.297 -111.370 
388.777 109.031 -111.986 
389.304 112.265 -114.004 
389.789 115.611 -112.216 
386.392 116.946 -113.403 
384.609 114.557 -111.019 
386.787 115.605 -108.064 
386.613 119.404 -108.583 
382.804 119.492 -108.229 
382.551 117.110 -105.239 
385.650 118.093 -103.212 
386.942 121.293 -101.540 
389.925 120.016 -99.493
391.665 116.951 -98.013
393.340 116.440 -94.610
395.743 113.490 -94.099
396.557 112.394 -90.520
399.708 110.545 -89.392
400.427 109.980 -93.052
402.940 107.144 -93.573
403.577 107.862 -97.265
405.838 105.181 -98.757
405.507 102.759 -95.847
406.356 102.420 -92.149
409.183 100.671 -90.250
407.225 99.383 -87.212
405.313 96.789 -89.324
408.686 95.001 -89.806
408.479 93.536 -86.273
404.841 92.385 -86.597
405.558 89.823 -89.317
409.110 88.761 -88.414
408.917 87.640 -84.770
405.339 88.766 -84.166
404.560 92.145 -82.625
405.365 91.685 -78.932
404.403 95.357 -78.344
400.715 95.024 -79.183
400.244 91.340 -78.297
402.095 89.077 -75.831
399.276 86.562 -75.176
400.028 83.643 -77.521
402.936 81.219 -77.570
404.972 83.315 -80.009
405.328 80.895 -82.962
401.673 79.900 -83.624
400.316 83.480 -83.680
402.800 84.652 -86.351
400.841 82.509 -88.856
397.816 84.847 -88.390
399.357 88.332 -88.041
401.054 87.436 -91.341
397.645 87.440 -93.082
396.578 90.799 -91.575
397.430 92.525 -94.879
397.059 96.011 -93.328
400.589 95.659 -91.938
402.192 94.356 -95.222
400.951 97.148 -97.539
402.423 99.644 -95.022
406.009 98.477 -95.786
408.688 100.993 -96.927
408.907 102.373 -100.480
411.951 103.415 -102.534
411.077 107.145 -102.564
411.874 107.489 -98.848
414.299 104.625 -98.160
417.379 103.706 -100.252 
417.697 100.186 -101.724 
421.386 99.903 -100.743 
420.557 101.116 -97.203
420.952 98.439 -94.498
417.752 97.486 -92.645
418.599 94.461 -90.439
421.632 92.308 -89.520
421.774 88.700 -88.214
424.551 86.269 -87.174
424.451 84.683 -90.655
423.287 87.303 -93.196
422.737 91.045 -93.757
419.443 92.281 -95.245
418.643 95.266 -97.479
415.468 96.321 -99.334
416.469 94.272 -102.398 
416.376 90.928 -100.557 
413.022 90.639 -98.749
412.865 87.547 -100.990 
415.439 85.787 -98.760
413.563 86.802 -95.576
410.457 84.788 -96.516
412.684 81.851 -97.591
414.292 81.287 -94.162
410.802 81.853 -92.668
409.474 78.951 -94.832
406.384 81.003 -95.758
406.351 81.415 -99.551
402.760 82.757 -99.487
403.825 85.990 -97.722
406.327 87.078 -100.395 
403.669 86.935 -103.162 
401.125 89.037 -101.216 
403.228 92.207 -100.860 
404.530 91.984 -104.458 
401.097 92.005 -106.131 
400.127 94.921 -103.836 
403.418 96.880 -104.123 
403.529 98.520 -107.580 
399.757 99.192 -107.695 
400.260 102.500 -105.870 
402.333 104.915 -107.957 
404.551 106.916 -105.602 
404.914 110.204 -107.500 
401.365 111.196 -108.652 
399.300 113.613 -106.521 
395.546 113.546 -105.703 
395.043 116.842 -107.591 
393.158 118.759 -104.884 
393.618 121.217 -101.998 
395.528 119.219 -99.361
396.668 119.381 -95.719
399.174 116.800 -94.396
399.651 115.980 -90.697
402.133 113.649 -88.994
404.442 113.376 -85.975
407.965 114.839 -85.956
410.853 115.119 -83.469
410.139 111.743 -81.813
412.753 108.996 -82.321
411.037 106.135 -84.232
413.108 102.991 -84.797
414.876 103.040 -88.193
417.140 99.956 -88.204
417.260 96.720 -86.178
419.682 94.150 -84.751
418.313 90.571 -84.740
421.620 88.884 -83.783
420.205 87.323 -80.573
418.162 84.544 -82.159
417.736 83.193 -85.681
415.302 83.135 -87.164
412.512 83.507 -84.509
413.199 85.614 -81.415
411.965 88.858 -79.867
414.626 91.426 -80.772
416.749 93.667 -78.551
418.842 95.703 -81.005
417.025 98.690 -82.487
418.514 102.191 -82.865
416.236 105.079 -83.852
415.917 107.991 -86.289
413.552 111.025 -86.322
409.829 110.066 -86.411
406.613 109.790 -84.341
407.415 106.478 -82.542
405.756 104.674 -85.498
406.024 106.612 -88.774
409.513 107.790 -89.751
409.670 111.454 -90.792
410.966 110.251 -94.191
407.484 108.863 -94.909
405.900 112.251 -94.100
408.078 114.284 -96.490
406.068 113.180 -99.547
403.227 115.566 -98.561
405.440 118.522 -99.550
406.233 117.160 -103.025
402.683 117.667 -104.317
402.937 121.504 -104.287
404.366 121.485 -107.835
402.730 118.257 -109.053
399.152 119.616 -109.029
397.442 123.009 -109.556
395.661 123.513 -106.201
397.268 124.996 -103.028
399.061 122.669 -100.578
399.368 122.917 -96.769
402.005 121.236 -94.562
401.522 120.846 -90.791
404.444 119.764 -88.551
403.314 118.192 -85.238
406.049 118.079 -82.583
406.344 115.199 -80.090
403.022 113.327 -80.464
402.861 109.556 -81.178
400.870 107.742 -83.916
397.840 106.758 -81.787
398.153 109.688 -79.344
397.662 112.321 -82.107
393.978 111.462 -82.595
393.350 111.868 -78.854
395.543 114.974 -78.413
393.852 118.377 -78.034
396.350 120.254 -80.232
395.757 117.958 -83.245
391.998 118.533 -82.782
392.397 122.338 -82.711
394.195 122.300 -86.088
391.458 120.149 -87.639
388.862 122.683 -86.387
390.634 125.538 -88.220
390.444 123.601 -91.520
386.779 122.716 -90.831
385.378 126.243 -90.336
388.090 128.543 -91.790
