-16.255 8.451 18.319
-13.903 5.488 17.949
-10.567 6.881 16.639
-9.308 5.731 13.218
-5.877 5.385 11.783
-5.400 5.128 8.011
-2.516 3.239 6.413
-2.172 3.984 2.674
-1.296 1.545 -0.171
1.709 1.493 -2.399
2.546 4.996 -3.665
-0.397 6.066 -1.485
1.351 8.902 0.344
3.692 11.737 -0.427
7.474 11.541 -0.283
9.908 14.488 0.070
13.450 14.711 -1.065
16.467 16.862 -0.450
19.237 16.775 -3.002
23.043 17.013 -2.836
24.054 14.856 -5.726
27.536 14.255 -7.112
26.110 13.829 -10.600
22.824 14.095 -12.573
21.501 11.810 -15.269
20.399 14.862 -17.191
21.464 18.540 -17.315
17.828 19.508 -16.427
17.868 17.506 -13.126
18.418 19.372 -9.924
21.790 18.675 -8.492
21.212 20.405 -5.190
18.154 21.702 -3.345
18.048 24.070 -0.379
15.024 22.411 1.251
12.896 19.286 1.079
10.539 19.178 -1.958
7.667 16.886 -2.881
9.094 14.051 -4.941
5.747 12.063 -5.033
3.504 13.181 -6.745
5.168 16.202 -8.403
3.246 16.898 -11.674
6.344 18.693 -13.051
7.864 15.176 -13.117
5.686 14.434 -16.118
7.381 17.093 -18.391
9.929 15.839 -21.090
12.933 14.243 -19.057
11.219 14.883 -15.537
10.696 11.168 -15.339
14.439 10.420 -15.590
15.155 12.815 -12.727
12.408 11.357 -10.663
13.559 7.788 -11.241
17.094 8.745 -10.350
16.029 10.547 -7.199
13.615 7.905 -5.946
15.743 4.867 -6.676
17.063 2.714 -3.854
20.542 1.212 -3.595
20.629 -2.340 -2.402
23.626 -3.532 -0.404
24.152 -7.295 -0.889
26.356 -7.718 2.062
24.161 -5.978 4.551
20.830 -6.758 2.903
19.798 -3.103 3.447
18.448 -0.475 1.099
19.710 3.082 1.088
18.781 6.228 -0.733
20.527 7.191 -3.969
23.804 9.072 -3.434
23.148 12.716 -2.380
19.425 12.025 -1.878
17.583 12.316 1.364
14.075 10.999 1.673
11.465 11.743 4.274
7.849 10.840 4.806
5.754 13.877 5.652
2.581 14.077 7.669
2.892 11.203 10.164
-0.255 11.381 12.309
-1.821 13.797 9.912
-4.075 13.054 6.894
-3.027 15.586 4.298
-0.171 13.439 2.927
-2.424 10.484 2.235
-5.529 12.436 1.070
-3.740 14.008 -1.817
-0.636 12.618 -3.511
0.269 16.030 -4.901
0.734 19.503 -3.364
-1.869 21.036 -5.690
-4.584 18.637 -4.409
-5.314 17.376 -7.894
-4.384 13.809 -7.215
-6.995 12.644 -4.622
-6.398 9.236 -2.944
-7.934 8.904 0.627
-9.573 12.262 0.560
-13.066 10.912 -0.199
-12.776 8.370 2.578
-11.547 10.971 5.081
-14.230 13.330 4.010
-16.837 10.642 4.482
-15.578 10.124 8.060
-15.652 13.810 8.713
-19.220 13.945 7.525
-19.873 11.374 10.172
-18.493 13.321 13.076
-14.733 12.584 12.755
-12.180 15.361 12.987
-9.072 15.389 10.676
-5.794 14.956 12.547
-7.604 14.276 15.723
-10.077 11.381 15.595
-8.996 10.306 12.071
-5.255 10.052 11.657
-2.907 8.584 9.042
0.364 6.668 9.184
2.311 7.317 5.950
5.460 5.348 5.297
8.292 4.986 2.874
6.652 2.745 0.308
10.062 2.014 -1.182
11.207 0.076 1.817
10.294 -3.334 3.102
8.819 -3.705 6.556
12.046 -5.086 8.166
13.785 -1.840 7.463
11.102 0.423 8.844
11.254 -0.294 12.614
10.972 3.369 13.403
7.712 3.566 11.486
6.162 0.673 13.454
7.268 2.203 16.735
5.668 5.473 15.776
2.509 3.635 14.673
2.266 1.936 18.096
2.786 5.328 19.699
0.069 6.874 17.574
-2.346 4.144 18.643
-1.573 4.664 22.304
-1.744 8.359 21.973
-5.149 8.286 20.356
-6.420 5.752 22.864
-5.317 8.004 25.746
-6.879 11.047 24.201
-10.226 9.533 23.383
-10.541 6.721 25.919
-11.532 4.236 23.182
-9.624 1.487 21.261
-8.475 2.441 17.734
-9.692 1.177 14.351
-7.065 0.479 11.750
-7.911 0.887 8.093
-5.499 -0.295 5.470
-5.669 -0.104 1.746
-3.792 -2.492 -0.591
-0.111 -2.645 0.585
-1.106 -0.825 3.741
-3.064 -3.905 4.745
0.051 -6.011 4.743
1.849 -3.410 6.824
-0.935 -3.438 9.342
-0.899 -7.198 9.501
2.856 -7.129 9.930
2.427 -4.546 12.701
-0.293 -6.456 14.535
1.647 -9.714 14.508
4.367 -8.024 16.430
2.210 -6.679 19.130
1.438 -8.616 22.274
-2.121 -9.956 22.399
-2.734 -7.980 25.634
-1.709 -4.853 23.794
-4.064 -5.567 20.912
-6.951 -6.287 23.279
-6.396 -3.016 24.961
-5.753 -0.715 22.067
-7.308 -2.144 18.930
-10.925 -2.083 18.177
-10.796 -3.676 14.766
-8.930 -4.019 11.473
-10.654 -2.939 8.227
-8.831 -4.261 5.191
-9.515 -2.811 1.764
-8.352 -4.921 -1.223
-5.433 -6.620 0.621
-3.098 -8.653 -1.595
-2.886 -11.367 1.155
-1.483 -13.879 -1.321
0.258 -11.288 -3.527
-0.496 -9.756 -6.994
0.845 -10.455 -10.416
0.835 -6.700 -11.262
4.124 -5.916 -9.487
5.770 -8.346 -11.889
4.391 -6.377 -14.844
5.598 -3.140 -13.246
9.088 -4.595 -12.944
9.096 -6.062 -16.490
7.532 -3.336 -18.593
7.253 -0.177 -16.316
3.329 -0.295 -15.934
1.687 3.012 -14.526
-0.093 1.135 -11.551
-3.393 2.671 -13.113
-2.062 6.329 -12.991
-2.943 7.595 -16.620
0.060 10.034 -16.580
2.872 7.250 -16.187
2.118 5.374 -19.595
5.421 6.816 -21.051
8.086 5.811 -18.459
9.693 3.330 -20.904
12.149 2.215 -18.173
15.139 1.930 -20.739
17.629 -0.851 -19.669
19.169 1.233 -16.722
16.277 2.328 -14.421
14.883 -1.043 -13.023
15.852 0.080 -9.482
11.941 0.381 -9.211
10.001 2.103 -6.310
8.277 -1.356 -6.242
8.851 -3.778 -3.291
8.841 -7.500 -4.482
7.046 -8.128 -1.188
3.746 -8.291 -3.156
4.833 -11.063 -5.521
2.500 -13.971 -5.825
2.789 -16.584 -3.106
2.084 -20.302 -2.983
-0.858 -19.608 -0.835
-2.779 -18.071 -3.653
-1.284 -19.670 -6.731
-0.139 -23.210 -7.579
3.540 -23.688 -8.300
2.925 -24.335 -11.992
0.843 -21.185 -12.524
2.353 -19.153 -15.351
2.564 -15.482 -14.396
4.549 -14.246 -17.427
4.685 -16.026 -20.782
7.352 -15.390 -23.447
8.175 -17.224 -26.715
11.208 -18.665 -25.087
10.124 -19.194 -21.462
7.221 -19.513 -18.975
7.823 -17.751 -15.631
6.179 -19.528 -12.638
6.447 -19.279 -8.859
9.664 -21.366 -9.226
11.283 -19.067 -11.566
11.459 -15.701 -9.719
15.281 -15.811 -9.650
15.454 -16.303 -13.355
12.772 -13.658 -13.815
14.939 -11.058 -12.017
18.008 -12.156 -13.903
16.273 -11.769 -17.278
15.281 -8.256 -16.228
18.908 -7.417 -15.358
17.684 -6.688 -11.816
19.351 -9.381 -9.724
19.124 -7.286 -6.572
15.386 -7.681 -6.801
15.764 -11.438 -6.123
17.537 -10.821 -2.844
15.115 -8.143 -1.892
12.301 -10.635 -2.465
14.095 -13.325 -0.412
14.192 -10.919 2.499
10.587 -10.046 2.517
8.832 -13.225 1.120
8.429 -14.791 4.567
7.441 -11.782 6.553
3.805 -12.937 6.534
4.371 -16.608 5.717
1.331 -18.717 6.553
-0.819 -15.662 6.787
-1.152 -15.778 10.624
-4.350 -14.464 12.223
-4.005 -10.799 13.512
-5.701 -11.597 16.824
-8.224 -8.719 16.380
-11.650 -8.395 14.867
-11.277 -8.169 11.095
-13.462 -6.681 8.427
-12.211 -7.977 5.108
-13.512 -5.901 2.222
-12.338 -7.176 -1.166
-13.299 -6.717 -4.842
-14.938 -9.411 -7.030
-16.332 -9.635 -10.505
-13.777 -7.664 -12.524
-11.310 -9.080 -15.041
-7.963 -9.264 -13.272
-4.707 -10.307 -14.878
-3.738 -13.808 -14.228
-0.985 -14.099 -17.018
0.888 -11.549 -19.089
1.802 -12.698 -22.605
4.913 -11.256 -24.242
6.445 -11.489 -27.668
10.287 -11.413 -28.391
10.223 -7.852 -27.002
10.293 -8.984 -23.285
11.018 -7.416 -20.966
11.186 -4.056 -22.784
7.845 -4.063 -24.419
4.263 -4.194 -23.254
2.525 -7.562 -23.087
0.799 -8.477 -26.403
-1.875 -10.338 -24.442
-3.421 -10.837 -21.030
-5.308 -13.686 -19.496
-7.782 -12.706 -16.934
-9.345 -14.077 -13.838
-11.820 -12.874 -11.147
-10.685 -9.909 -8.963
-10.656 -6.099 -8.628
-8.661 -5.350 -11.835
-5.398 -5.347 -9.706
-5.537 -8.175 -7.204
-7.113 -11.570 -7.851
-10.041 -12.691 -5.657
-8.076 -15.784 -4.671
-5.466 -13.519 -3.149
-7.749 -10.983 -1.448
-10.190 -13.592 0.012
-7.424 -15.347 1.982
-8.393 -13.393 5.077
-11.224 -15.949 5.286
-8.658 -18.401 6.518
-8.538 -16.521 9.744
-12.123 -17.665 10.552
-11.777 -20.153 13.402
-8.038 -19.431 13.880
-8.697 -16.628 16.351
-11.429 -15.888 18.899
-12.214 -12.476 17.365
-14.719 -12.461 14.428
-13.684 -12.285 10.780
-16.128 -10.583 8.459
-15.901 -11.175 4.725
-17.383 -8.431 2.612
-17.056 -9.043 -1.137
-17.472 -5.828 -3.203
-18.929 -6.652 -6.648
-17.731 -4.601 -9.600
-15.502 -2.308 -7.610
-12.042 -1.457 -8.992
-9.059 -1.813 -6.659
-8.342 1.930 -6.330
-12.053 2.863 -6.338
-12.571 1.058 -3.033
-11.484 4.172 -1.196
-13.992 6.262 -3.277
-16.883 3.916 -3.551
-20.118 4.748 -1.818
-20.777 1.153 -1.241
-17.443 0.730 0.504
-17.885 3.890 2.500
-21.341 2.736 3.708
-19.832 -0.476 5.001
-17.141 1.464 6.760
-19.746 3.699 8.349
-21.836 0.773 9.397
-18.826 -0.811 11.031
-17.585 2.303 12.787
-21.009 3.533 13.955
-22.395 0.138 14.970
