-25.510 -2.189 16.811
-22.011 -3.200 15.362
-20.143 -0.265 13.678
-19.558 -1.186 10.050
-15.964 -1.718 8.910
-14.275 -1.303 5.601
-10.887 -2.930 4.994
-8.349 -1.492 2.549
-5.403 -3.829 1.809
-1.710 -2.985 1.234
0.412 -3.403 -1.837
-0.208 -6.806 -3.431
-2.787 -7.231 -0.677
-5.693 -8.207 -2.921
-6.316 -10.422 -5.900
-6.016 -9.256 -9.447
-7.586 -10.932 -12.480
-6.360 -10.779 -15.997
-7.571 -11.635 -19.450
-4.995 -12.127 -22.127
-4.816 -11.470 -25.911
-1.179 -10.715 -26.321
0.652 -9.962 -29.594
3.831 -11.586 -28.255
5.035 -13.531 -25.176
8.319 -13.257 -23.352
8.465 -17.046 -23.224
6.912 -19.965 -25.119
5.417 -21.217 -21.811
3.451 -17.949 -21.204
-0.167 -17.854 -22.066
-0.707 -15.897 -25.155
-4.478 -15.857 -24.964
-7.046 -16.713 -22.301
-10.761 -17.369 -22.828
-11.831 -15.734 -19.582
-10.444 -13.725 -16.707
-8.083 -15.687 -14.423
-6.430 -14.932 -11.034
-3.083 -13.402 -11.840
-2.158 -12.695 -8.109
-1.511 -14.936 -6.477
-1.369 -17.600 -9.179
0.657 -20.691 -8.135
1.543 -21.184 -11.813
3.871 -18.310 -11.113
5.971 -21.053 -9.358
6.631 -22.977 -12.661
10.073 -22.559 -14.420
9.797 -19.073 -16.033
6.314 -18.430 -14.460
7.659 -15.243 -12.873
8.665 -13.859 -16.264
5.108 -14.409 -17.514
3.660 -12.854 -14.406
5.902 -9.823 -14.640
5.073 -9.363 -18.307
1.378 -9.701 -17.625
1.292 -7.356 -14.628
3.569 -4.683 -16.070
2.187 -1.176 -16.635
2.950 1.033 -19.598
3.556 4.636 -18.846
2.798 7.303 -21.413
4.954 10.430 -20.901
2.856 12.729 -22.921
-0.427 11.869 -21.311
0.906 10.931 -17.852
-1.392 7.876 -17.947
-0.613 4.271 -17.099
-2.070 1.544 -19.219
-1.979 -2.255 -19.045
0.495 -4.303 -20.994
-0.535 -4.861 -24.637
-3.238 -7.525 -24.913
-3.795 -7.538 -21.119
-6.948 -6.650 -19.332
-6.904 -6.184 -15.564
-9.745 -6.194 -13.139
-10.057 -6.022 -9.384
-12.462 -8.641 -8.079
-14.510 -8.585 -4.955
-15.156 -4.877 -4.309
-17.336 -4.794 -1.189
-16.565 -8.385 -0.451
-13.795 -9.789 1.747
-12.761 -12.891 -0.091
-10.294 -11.048 -2.415
-8.359 -9.562 0.474
-8.637 -12.542 2.880
-6.842 -14.833 0.564
-4.420 -13.805 -2.174
-4.992 -17.072 -4.037
-8.047 -18.853 -5.288
-7.071 -22.047 -3.403
-6.990 -20.142 -0.033
-3.402 -21.162 0.664
-2.137 -17.595 0.992
-3.969 -15.958 3.926
-3.639 -12.172 4.305
-6.578 -10.375 6.100
-8.375 -13.591 6.873
-7.293 -13.646 10.499
-8.390 -10.064 10.996
-11.754 -10.708 9.326
-12.247 -13.839 11.337
-11.498 -11.979 14.524
-14.212 -9.423 13.622
-16.633 -12.156 12.802
-15.959 -13.762 16.144
-16.939 -10.450 17.652
-20.296 -10.290 15.954
-19.434 -8.951 12.452
-20.843 -10.546 9.324
-18.620 -10.982 6.179
-19.668 -8.839 3.285
-22.281 -7.134 5.372
-20.929 -5.367 8.502
-17.320 -5.958 7.476
-16.496 -5.213 3.858
-13.319 -4.752 1.833
-12.230 -2.247 -0.805
-9.661 -3.918 -3.075
-7.949 -1.853 -5.713
-5.392 -2.013 -8.460
-2.208 -1.969 -6.430
-0.213 -1.270 -9.611
-1.638 2.183 -9.915
-1.208 5.358 -8.001
-4.262 7.111 -6.567
-4.504 9.710 -9.363
-5.165 6.945 -11.892
-7.996 5.207 -10.047
-10.712 7.844 -9.521
-13.414 5.270 -10.125
-12.173 3.304 -7.170
-12.520 6.270 -4.833
-16.010 6.981 -6.068
-16.949 3.391 -5.353
-15.304 3.595 -1.940
-17.386 6.680 -1.113
-20.458 4.828 -2.279
-19.603 1.834 -0.137
-19.274 4.044 2.919
-22.640 5.650 2.313
-24.264 2.420 1.572
-23.046 0.820 4.784
-23.952 3.854 6.809
-27.543 3.716 5.474
-27.857 0.000 6.053
-26.613 -0.023 9.595
-27.432 3.470 10.848
-23.870 4.079 12.120
-20.708 5.830 10.844
-18.049 3.538 9.239
-14.616 2.565 10.520
-11.873 2.467 7.950
-9.034 0.035 8.454
-6.025 0.280 6.184
-2.886 -1.838 6.101
0.415 -0.575 4.728
-0.262 1.057 1.280
-3.937 0.908 2.007
-3.383 3.532 4.652
-2.056 5.990 2.136
-5.033 5.321 -0.134
-7.364 5.975 2.722
-5.610 9.134 3.582
-5.779 10.182 -0.032
-9.509 9.353 -0.021
-10.310 11.210 3.176
-8.564 14.336 2.029
-10.946 14.581 -0.826
-14.078 14.330 1.162
-15.782 17.346 2.611
-15.419 17.723 6.344
-19.237 17.500 6.787
-19.162 14.219 4.899
-16.462 12.814 7.129
-18.271 13.903 10.232
-21.366 12.179 9.043
-20.058 8.967 7.590
-16.746 8.176 9.264
-16.388 6.930 12.717
-12.621 6.508 12.715
-9.525 5.592 10.784
-7.414 2.640 12.007
-4.047 2.617 10.336
-1.881 -0.519 10.414
1.792 -0.019 9.641
1.372 3.075 7.384
4.496 4.182 5.471
3.495 7.892 5.976
6.958 9.069 5.028
7.722 6.220 2.613
9.795 2.993 2.790
13.260 2.172 1.629
12.339 -1.418 0.653
10.607 -0.417 -2.606
13.939 0.875 -3.806
15.509 -2.522 -3.191
12.621 -4.164 -5.028
13.324 -1.921 -8.004
17.110 -2.458 -7.912
17.448 -6.118 -7.106
13.928 -7.456 -7.771
13.486 -8.015 -3.997
10.150 -9.911 -3.566
8.670 -7.819 -0.632
9.304 -10.869 1.717
7.512 -13.585 -0.502
10.281 -16.391 -0.055
9.676 -17.534 -3.662
10.834 -14.812 -5.951
14.472 -14.585 -4.429
16.127 -16.231 -7.377
14.962 -15.032 -10.729
17.674 -12.700 -12.020
14.952 -10.494 -13.544
16.721 -9.515 -16.949
17.050 -5.602 -17.189
13.626 -5.334 -19.017
11.374 -7.151 -16.497
12.333 -5.304 -13.193
10.238 -2.429 -14.478
6.554 -2.229 -13.691
4.915 -3.733 -10.743
5.952 -1.387 -7.997
4.613 2.176 -7.710
7.400 4.594 -6.663
4.726 6.364 -4.596
6.248 4.660 -1.479
9.694 6.054 -1.943
11.164 7.736 1.041
10.099 11.331 1.534
11.859 14.329 3.048
9.471 14.242 5.900
11.052 11.108 7.232
14.636 11.247 5.998
17.059 14.176 5.585
18.182 15.032 2.082
21.653 13.702 2.684
20.499 10.269 3.938
22.080 7.537 1.882
19.498 4.973 0.839
21.736 2.976 -1.529
25.510 2.880 -1.410
27.711 1.680 -4.284
31.488 1.775 -4.881
31.000 4.512 -7.389
28.011 6.437 -5.940
25.769 7.218 -2.935
22.002 7.495 -3.745
20.138 10.011 -1.609
16.682 11.611 -1.709
18.227 14.065 -4.287
19.305 11.409 -6.608
16.101 9.456 -7.484
16.374 10.560 -11.118
19.825 9.144 -11.386
18.732 6.088 -9.475
16.020 5.387 -12.096
18.389 6.137 -14.931
20.971 3.617 -13.592
18.218 1.047 -13.460
17.347 1.782 -17.117
13.877 2.677 -15.839
13.597 6.332 -16.590
9.817 6.128 -16.762
9.892 5.401 -13.061
11.165 8.938 -12.445
8.230 10.516 -14.147
5.838 8.195 -12.393
7.352 9.253 -9.125
7.079 12.982 -10.020
3.394 12.492 -10.571
2.669 10.763 -7.346
5.258 12.273 -4.940
3.018 15.229 -4.029
-0.276 13.486 -3.689
0.098 13.586 0.087
2.641 16.381 0.360
2.881 17.710 3.896
0.947 14.782 5.258
-2.295 16.728 5.876
-4.552 15.645 8.743
-7.503 13.307 7.668
-10.005 15.311 9.772
-11.250 12.123 11.505
-10.354 10.246 14.689
-7.212 8.290 13.952
-5.812 5.192 15.574
-2.237 4.803 14.429
-0.978 1.275 15.048
2.601 0.613 13.992
5.432 -1.841 14.718
8.616 -0.897 16.591
11.753 -2.529 17.946
12.729 -4.567 14.901
15.812 -4.021 12.690
14.626 -2.173 9.606
16.775 -1.308 6.567
17.937 2.173 6.478
20.799 1.737 3.813
21.558 -0.940 1.246
25.237 -1.514 0.438
26.162 -2.826 -3.016
29.368 -3.919 -4.610
30.203 -3.479 -8.428
27.279 -5.735 -9.155
24.638 -2.938 -8.700
21.877 -2.946 -9.580
21.998 -6.636 -10.763
23.110 -8.230 -7.573
21.842 -8.386 -4.025
23.198 -5.879 -1.556
26.406 -7.157 0.222
25.376 -5.232 3.345
22.459 -3.564 5.118
22.430 -0.920 7.749
19.495 -1.093 10.051
17.313 1.220 12.040
14.221 0.981 14.277
10.983 -0.162 12.615
8.807 -3.174 11.809
11.357 -4.896 9.436
9.702 -3.101 6.420
8.840 0.453 7.407
11.013 2.594 9.632
9.552 3.997 12.880
10.395 7.509 11.746
8.096 6.989 8.826
5.240 5.179 10.639
5.171 7.661 13.593
4.502 10.647 11.330
0.823 10.286 12.029
1.708 11.967 15.341
2.029 15.172 13.408
-1.705 15.268 13.173
-2.018 15.788 16.997
-3.173 19.411 17.383
-3.781 19.884 13.633
-7.300 18.495 13.780
-10.086 18.602 16.435
-10.453 14.847 16.460
-8.054 12.756 18.624
-5.004 10.990 17.190
-3.921 7.858 19.002
-0.425 6.504 18.584
-0.220 2.853 19.368
3.298 1.423 18.971
3.393 -2.390 18.756
6.688 -3.676 20.159
8.287 -6.617 18.340
5.594 -6.930 15.732
6.616 -7.501 12.071
5.003 -5.421 9.345
2.913 -8.249 7.816
2.233 -9.902 11.241
0.217 -6.875 12.307
-2.785 -8.330 10.566
-2.233 -11.674 12.383
-1.094 -10.583 15.782
-3.314 -11.091 18.817
-1.997 -7.949 20.325
-3.033 -5.933 17.238
-6.407 -7.607 17.076
-7.092 -6.846 20.750
-6.496 -3.172 20.134
-8.750 -3.245 17.138
-11.434 -4.902 19.170
-11.068 -2.485 21.987
-11.381 0.424 19.570
-14.379 -0.960 17.735
-16.204 -1.912 20.992
-15.581 1.566 22.451
-13.519 0.221 25.397
-10.455 2.306 24.477
-12.003 5.453 26.079
-11.628 3.966 29.624
-7.914 3.583 30.210
-6.372 7.021 29.924
-7.645 8.836 33.032
