-24.764 -3.796 16.657
-22.186 -4.580 13.871
-18.767 -2.822 14.273
-18.397 -0.524 11.239
-15.616 -1.403 8.755
-13.562 0.714 6.434
-11.674 -0.984 3.576
-8.431 0.426 2.154
-7.425 -1.221 -1.157
-3.892 -2.275 -2.391
-1.861 -0.891 -5.228
-4.062 -0.368 -8.341
-6.904 -1.693 -6.044
-9.509 1.011 -6.897
-10.768 2.892 -9.871
-9.289 6.163 -11.141
-11.079 8.708 -13.387
-9.573 11.242 -15.710
-10.668 14.335 -17.536
-8.628 15.334 -20.525
-7.616 18.700 -22.141
-4.236 17.870 -23.519
-2.001 20.186 -25.555
-0.532 17.140 -27.318
-1.061 13.318 -27.574
1.529 10.588 -27.932
-0.669 8.971 -30.561
-3.370 10.296 -32.974
-5.788 7.642 -31.521
-5.508 9.126 -27.917
-8.285 11.314 -26.654
-7.135 14.866 -26.706
-10.190 16.236 -24.921
-13.035 14.615 -22.971
-16.416 16.223 -22.123
-16.491 14.537 -18.666
-14.485 12.300 -16.316
-13.963 8.726 -17.654
-12.594 5.579 -16.026
-8.857 5.524 -16.668
-8.279 2.412 -14.370
-9.356 -0.270 -15.282
-10.656 0.521 -18.808
-10.498 -2.838 -20.753
-10.319 -0.739 -23.969
-6.870 0.248 -22.696
-5.745 -3.274 -23.651
-6.117 -2.531 -27.457
-2.798 -2.151 -29.541
-2.305 1.700 -28.766
-4.660 2.119 -25.737
-1.653 1.495 -23.550
0.274 4.536 -24.949
-2.715 6.790 -24.256
-3.230 5.275 -20.851
0.430 5.776 -19.970
0.453 9.329 -21.119
-2.726 10.134 -19.201
-1.807 8.353 -15.903
1.840 9.523 -15.591
2.840 11.869 -12.770
5.109 14.868 -13.299
7.683 15.045 -10.597
9.246 18.392 -9.723
12.735 17.799 -8.380
13.087 21.192 -6.760
9.784 21.133 -4.917
9.450 17.346 -4.445
5.790 17.773 -5.542
3.895 15.678 -8.106
1.377 16.933 -10.607
-0.819 15.237 -13.181
0.272 15.148 -16.859
-0.478 18.422 -18.750
-4.204 18.699 -19.569
-5.042 15.725 -17.292
-7.245 15.827 -14.242
-7.329 12.809 -11.964
-9.976 11.983 -9.411
-10.649 9.075 -7.127
-14.302 7.993 -7.329
-16.421 6.356 -4.665
-14.877 7.683 -1.386
-17.017 6.159 1.375
-18.625 3.828 -1.084
-17.516 0.221 -1.919
-18.219 -0.002 -5.669
-14.847 1.515 -6.723
-12.827 -1.007 -4.676
-15.139 -4.049 -5.324
-14.628 -3.974 -9.059
-11.623 -2.411 -10.824
-13.647 -1.950 -14.005
-17.029 -0.389 -14.787
-18.275 -3.642 -16.450
-17.661 -5.569 -13.113
-15.436 -8.111 -14.859
-12.404 -7.483 -12.705
-13.456 -8.416 -9.061
-10.992 -7.292 -6.350
-12.704 -6.627 -2.847
-16.107 -7.746 -4.012
-15.838 -11.229 -2.422
-14.737 -9.712 0.867
-17.578 -7.116 0.847
-20.066 -9.771 -0.100
-18.871 -11.980 2.738
-19.428 -9.074 5.181
-22.860 -8.397 3.762
-23.788 -12.042 4.209
-22.848 -11.568 7.857
-25.092 -8.661 8.595
-23.093 -5.658 7.093
-24.766 -3.164 4.801
-22.823 -1.874 1.712
-21.992 1.895 1.919
-23.345 1.989 5.455
-21.710 -0.411 7.915
-18.942 -1.401 5.442
-17.346 1.507 3.608
-14.217 1.960 1.517
-11.515 4.635 1.289
-10.077 4.599 -2.274
-7.039 6.776 -2.968
-4.734 7.845 -5.740
-2.563 4.739 -5.865
-0.041 6.690 -8.027
1.003 8.884 -5.145
2.942 8.255 -1.929
1.289 9.298 1.371
3.119 12.655 1.641
1.232 13.884 -1.462
-2.279 12.935 -0.301
-3.083 15.059 2.822
-6.650 15.606 1.639
-7.200 11.833 1.529
-6.086 11.355 5.151
-8.357 14.200 6.316
-11.276 12.568 4.513
-10.337 9.174 6.007
-10.374 10.707 9.544
-13.740 12.270 8.751
-15.108 8.950 7.511
-14.021 7.215 10.690
-15.679 9.847 12.890
-18.770 9.805 10.803
-19.173 6.035 10.999
-18.449 6.087 14.720
-21.212 8.732 15.280
-23.699 6.864 13.123
-23.192 3.452 14.669
-22.067 4.264 18.172
-19.063 1.872 17.929
-15.328 2.250 17.108
-14.354 1.470 13.485
-12.345 -1.500 12.148
-9.779 -0.701 9.452
-8.986 -3.393 6.886
-6.074 -2.817 4.529
-4.849 -4.930 1.714
-1.193 -4.793 0.494
-0.325 -1.047 -0.171
-3.504 -0.059 1.683
-1.905 -1.415 4.867
1.004 0.962 4.583
-1.423 3.838 4.023
-3.376 2.845 7.094
-0.218 2.640 9.130
0.807 6.049 7.866
-2.692 7.358 8.797
-2.692 5.859 12.308
0.767 7.274 13.106
-0.578 10.769 12.572
-3.569 10.445 14.821
-3.392 11.267 18.512
-3.555 8.211 20.792
-6.757 9.613 22.399
-8.266 9.748 18.918
-7.316 6.156 18.171
-8.669 4.970 21.536
-11.940 6.653 20.832
-12.504 5.852 17.192
-10.567 2.714 16.243
-11.539 -0.751 17.201
-8.737 -2.614 15.405
-6.479 -2.775 12.323
-6.742 -5.908 10.104
-3.730 -6.069 7.779
-3.831 -8.309 4.712
-0.437 -9.113 3.067
1.311 -5.808 4.080
4.722 -5.183 2.448
5.968 -3.758 5.837
9.611 -4.042 4.793
8.893 -3.523 1.049
8.802 -5.954 -1.972
11.271 -6.663 -4.732
8.378 -6.564 -7.320
8.382 -2.733 -7.651
12.040 -2.988 -8.762
11.051 -5.466 -11.492
8.123 -3.171 -12.471
10.537 -0.213 -12.799
13.276 -2.236 -14.619
11.486 -4.245 -17.261
7.700 -3.745 -16.530
5.435 -6.480 -14.909
2.156 -7.659 -16.514
0.718 -7.886 -12.858
-0.708 -11.299 -14.241
-2.690 -9.623 -17.195
-1.772 -11.738 -20.422
-2.009 -8.635 -22.829
0.387 -5.969 -21.320
3.725 -5.873 -23.302
6.560 -5.426 -20.590
8.112 -2.635 -22.890
5.113 -0.117 -22.673
4.531 -0.672 -18.800
8.224 0.621 -18.481
7.233 4.268 -19.012
3.928 4.005 -16.774
5.426 2.295 -13.566
8.441 4.773 -13.901
6.027 7.703 -13.156
4.250 6.664 -9.776
5.759 7.821 -6.499
4.335 4.714 -4.731
6.643 2.226 -6.534
9.899 3.619 -5.212
8.217 3.904 -1.716
7.727 0.103 -1.741
11.391 -0.761 -2.369
12.853 -3.295 -0.027
14.120 -1.881 3.260
16.969 -2.889 5.581
14.381 -4.113 8.084
13.517 -7.007 5.808
16.742 -7.702 3.869
20.441 -7.515 4.743
22.474 -4.770 3.046
24.293 -7.299 0.820
21.076 -8.979 -0.490
21.103 -8.901 -4.289
17.686 -7.821 -5.558
18.607 -7.619 -9.285
21.494 -9.472 -10.875
22.983 -8.473 -14.285
26.129 -9.672 -16.097
27.801 -6.356 -15.331
26.399 -5.436 -11.842
24.635 -6.690 -8.697
21.962 -4.273 -7.299
21.669 -4.276 -3.470
19.949 -2.035 -0.931
23.087 0.266 -1.333
22.806 0.601 -4.999
19.311 2.067 -5.576
20.823 5.302 -6.975
22.796 3.356 -9.551
19.742 1.164 -10.173
17.677 4.243 -11.164
20.540 5.646 -13.171
20.910 2.412 -15.155
17.173 2.574 -15.868
17.469 6.157 -17.221
14.962 7.146 -14.512
16.952 9.422 -12.183
13.741 11.036 -10.845
12.981 7.708 -9.308
15.984 8.111 -6.943
14.718 11.419 -5.623
11.204 10.055 -5.314
12.622 7.209 -3.226
14.650 9.686 -1.075
11.493 11.609 -0.332
9.315 8.708 0.629
11.910 6.224 2.139
11.417 7.532 5.733
7.628 7.827 5.796
7.396 4.616 7.931
11.073 4.295 8.977
11.446 1.934 11.984
7.987 0.545 11.495
6.470 2.366 14.544
3.595 0.643 16.445
0.069 1.820 15.289
-1.134 2.114 18.927
-4.308 0.022 18.133
-5.159 -3.677 18.324
-3.621 -5.310 15.209
-4.575 -8.482 13.364
-1.716 -9.262 11.036
-2.767 -11.741 8.339
0.137 -12.664 6.018
0.867 -15.360 3.397
3.490 -18.138 3.858
4.597 -21.177 1.910
4.625 -19.856 -1.714
7.743 -19.215 -3.868
8.294 -15.483 -3.759
10.933 -13.672 -5.783
13.927 -12.652 -3.794
16.280 -11.976 -6.863
15.649 -11.239 -10.519
18.402 -12.455 -12.888
18.980 -10.512 -16.107
21.121 -11.123 -19.124
22.720 -8.289 -21.268
19.130 -7.229 -22.063
18.672 -5.281 -18.686
16.724 -3.289 -18.162
14.847 -3.765 -21.569
14.103 -7.426 -21.389
12.430 -9.809 -18.945
14.594 -11.507 -16.336
16.091 -14.852 -17.592
15.875 -16.255 -14.042
14.398 -15.815 -10.574
15.524 -16.890 -7.161
12.717 -17.534 -4.753
12.066 -17.297 -1.064
9.142 -17.902 1.344
6.118 -15.563 0.906
2.715 -15.064 -0.813
4.076 -15.118 -4.429
4.364 -11.230 -4.242
5.686 -10.182 -0.827
8.315 -12.124 1.095
7.329 -13.530 4.528
10.263 -11.615 6.078
8.568 -8.385 4.939
4.914 -9.271 5.737
5.673 -10.743 9.242
7.402 -7.501 10.465
4.153 -6.521 12.226
5.372 -8.971 14.902
7.856 -6.280 15.943
4.920 -4.389 17.377
4.368 -7.079 20.094
5.502 -5.453 23.394
5.936 -1.935 21.758
2.234 -1.021 22.397
-0.334 -1.888 25.123
-2.857 -3.167 22.561
-2.484 -6.822 21.411
-0.796 -7.828 18.119
-2.191 -10.995 16.563
-0.086 -12.781 13.964
-2.067 -14.978 11.572
0.054 -16.804 8.989
-1.981 -17.942 5.898
-0.391 -21.098 4.418
-0.489 -21.501 0.660
-2.552 -18.378 0.055
-1.480 -16.143 -2.919
-1.106 -12.385 -2.240
-4.231 -11.284 -4.213
-6.294 -14.338 -3.113
-6.190 -13.132 0.513
-9.218 -10.926 -0.295
-11.043 -13.998 -1.869
-9.866 -16.816 0.384
-12.393 -18.560 2.556
-9.770 -19.071 5.187
-8.987 -15.344 5.259
-12.676 -14.402 5.279
-13.312 -16.788 8.251
-10.567 -15.077 10.233
-12.007 -11.669 9.405
-15.477 -12.790 10.523
-14.124 -14.327 13.693
-12.297 -11.075 14.492
-15.270 -8.824 13.690
-17.746 -11.059 15.695
-15.425 -10.998 18.750
-14.960 -14.853 18.541
-11.123 -14.488 18.153
-10.823 -13.805 22.003
-12.457 -17.283 22.727
-10.089 -19.705 20.772
-6.620 -18.866 22.297
-7.265 -19.616 26.095
