7.213 19.889 11.427
6.342 16.073 11.030
7.828 15.008 7.577
4.926 13.462 5.867
7.044 13.256 2.933
8.744 9.861 2.766
6.775 6.936 4.240
3.329 5.674 5.092
-0.273 6.190 3.967
-1.811 4.151 6.786
-5.269 4.975 5.550
-6.720 3.796 8.798
-8.333 0.511 7.571
-10.151 0.471 10.956
-12.047 -2.345 9.238
-10.336 -5.779 9.887
-9.957 -6.081 6.096
-6.199 -5.779 5.585
-3.916 -2.822 6.096
-2.501 -2.048 2.622
0.911 -0.599 3.395
1.892 0.793 -0.011
5.693 1.385 -0.225
6.034 3.333 -3.364
9.737 2.948 -3.884
9.570 3.181 -7.690
5.806 3.023 -8.536
4.883 -0.494 -7.274
2.024 -0.557 -4.717
1.952 -3.846 -2.689
-1.667 -4.194 -1.456
