74.307 122.516 96.175
77.836 122.541 94.683
80.223 119.532 94.600
83.890 119.712 93.512
87.069 117.518 93.640
85.316 115.060 95.995
88.343 112.729 95.742
91.735 114.321 95.110
95.060 112.642 94.311
98.139 114.854 94.139
100.942 112.424 93.200
101.467 109.044 91.575
99.013 106.194 92.073
100.687 102.828 91.662
97.708 100.681 90.745
94.006 100.338 91.472
92.366 96.908 91.877
89.433 98.131 93.966
86.828 100.876 93.688
87.386 104.635 93.457
84.017 106.405 93.465
83.294 110.110 93.731
79.618 110.232 94.685
77.758 106.999 95.434
73.956 107.232 95.382
72.718 103.791 94.326
73.469 100.561 92.541
75.870 97.721 93.235
79.647 97.792 92.780
81.776 94.660 93.174
85.507 95.188 92.762
