23.659 -0.933 6.466
21.327 1.233 4.528
18.244 0.323 6.485
15.986 1.588 3.592
13.447 2.916 6.120
10.622 0.517 5.232
7.687 2.799 6.189
4.849 0.397 7.028
1.538 2.074 6.609
-1.108 -0.006 8.435
-3.902 1.781 6.551
-6.732 0.455 8.608
-6.067 -1.936 11.501
-9.469 -1.084 12.814
-11.990 -3.307 11.135
-11.917 -7.156 11.587
-11.581 -6.841 7.787
-7.947 -7.845 7.111
-5.071 -5.470 7.721
-3.543 -4.870 4.287
0.036 -4.037 5.043
1.344 -2.066 2.076
5.138 -2.100 1.734
6.529 0.845 -0.270
9.835 -0.264 -1.704
11.038 2.103 -4.236
7.878 4.168 -5.216
5.512 1.240 -5.844
2.592 0.603 -3.343
1.765 -3.133 -3.200
-1.735 -3.191 -1.681
