-19.102 15.066 12.804
-16.070 15.073 10.406
-13.715 12.109 10.306
-15.153 9.918 7.528
-13.032 11.222 4.629
-9.633 9.843 5.718
-10.884 6.326 6.746
-11.553 5.617 3.040
-7.832 5.090 2.257
-6.934 3.126 5.363
-9.957 0.674 5.405
-9.401 -0.295 1.745
-5.674 -0.814 2.422
-6.594 -3.839 4.675
-5.610 -6.254 1.790
-1.685 -6.181 1.380
-2.585 -6.046 -2.398
-4.783 -2.699 -2.311
-2.445 -0.835 -0.058
0.578 -1.425 -2.343
-1.450 -0.342 -5.438
-2.693 2.805 -3.647
0.921 3.525 -2.548
2.314 2.806 -6.131
-0.385 5.106 -7.804
-0.481 7.742 -4.934
3.371 8.160 -4.955
3.714 8.396 -8.902
1.204 11.256 -9.066
3.000 13.345 -6.499
6.827 12.620 -7.505
