-19.286 11.083 4.909
-16.930 8.351 4.252
-15.804 8.780 0.706
-12.431 7.513 2.049
-10.984 9.300 -0.889
-9.152 6.360 -2.056
-6.156 8.800 -2.392
-4.369 7.165 -5.314
-0.791 8.158 -4.669
0.389 7.782 -8.264
3.889 8.348 -6.891
5.201 8.785 -10.344
3.387 7.419 -13.465
6.107 9.283 -15.274
8.954 6.811 -15.675
8.235 3.898 -18.141
9.030 1.821 -15.079
5.509 0.709 -14.067
3.413 2.936 -11.779
2.912 0.602 -8.803
-0.500 1.693 -7.606
-0.399 0.594 -3.954
-4.069 -0.067 -3.013
-4.150 -0.070 0.805
-7.606 -1.631 1.531
-6.880 -3.086 4.874
-3.123 -2.694 5.386
-1.730 -4.673 2.433
0.195 -2.547 -0.135
0.227 -4.500 -3.483
3.033 -2.749 -5.227
