-18.188 -11.664 -18.470
-17.327 -11.525 -14.659
-15.987 -8.116 -13.647
-15.640 -9.219 -10.083
-12.300 -7.827 -9.691
-12.818 -5.516 -6.824
-9.127 -5.939 -5.464
-9.279 -5.433 -1.763
-6.699 -6.907 0.755
-6.609 -4.938 4.078
-5.172 -7.808 6.022
-3.123 -6.032 8.527
-3.130 -2.378 9.572
-4.485 -3.032 12.983
-1.260 -2.483 14.803
1.083 0.767 14.207
3.359 -0.085 11.168
2.744 0.913 7.500
-0.167 0.660 5.157
1.415 -0.266 1.783
-1.380 0.190 -0.837
-0.150 -1.429 -4.171
-2.334 -0.991 -7.366
-1.067 -3.350 -9.927
-2.601 -2.460 -13.170
-0.036 -3.620 -15.576
2.915 -5.190 -13.489
4.261 -2.516 -11.130
3.484 -2.652 -7.410
4.140 0.902 -5.760
4.625 0.424 -2.007
