-6.645 -10.216 2.746
-5.470 -7.554 0.276
-4.519 -8.936 -3.107
-2.308 -7.040 -5.521
-0.011 -7.755 -8.457
2.152 -6.176 -11.105
1.143 -6.778 -14.659
4.076 -5.154 -16.304
7.644 -4.050 -15.469
9.717 -1.814 -17.751
13.070 0.038 -17.379
16.124 -0.904 -15.260
16.401 -2.311 -11.761
17.269 1.136 -10.364
14.712 2.947 -12.606
11.574 0.970 -13.217
8.013 1.532 -14.066
5.344 -0.821 -12.694
1.883 -1.342 -13.944
-0.167 -2.668 -11.069
-3.515 -4.046 -9.989
-4.880 -3.928 -6.446
-7.483 -6.448 -7.100
-9.447 -6.805 -3.996
-9.726 -6.495 -0.221
-11.430 -9.456 1.351
-13.570 -8.997 4.342
-11.453 -8.618 7.527
-11.857 -10.914 10.482
-13.342 -8.989 13.431
-10.540 -7.773 15.786
-7.476 -7.178 13.701
-6.042 -3.860 14.891
-5.168 -0.831 12.709
-1.413 -0.487 13.213
-1.498 3.186 13.320
-4.493 3.704 15.540
-3.707 6.625 17.918
-1.084 8.181 15.771
-1.376 11.947 15.267
-1.830 11.313 11.547
-2.170 8.181 9.429
-2.985 7.627 5.809
-3.836 4.773 3.597
-1.944 5.139 0.329
-1.230 3.372 -2.861
2.473 2.779 -2.699
5.339 0.503 -3.480
8.016 -1.126 -1.422
10.930 1.062 -1.716
13.513 -0.334 0.728
14.740 -3.729 1.895
12.951 -3.044 5.168
9.723 -2.859 3.373
9.213 0.865 3.713
7.060 2.556 1.174
8.410 5.059 -1.363
6.568 7.980 -2.719
2.887 7.230 -2.673
1.006 7.303 -5.984
-1.858 8.790 -4.127
-3.656 8.941 -0.796
-7.008 7.247 -0.164
-8.022 8.204 3.400
-7.130 9.064 6.946
-7.283 6.085 9.279
-5.670 7.159 12.594
-9.056 7.155 14.361
-10.058 3.751 13.187
-9.445 0.966 15.595
-9.666 -2.057 13.363
-8.613 -3.028 9.867
-12.261 -3.806 9.181
-13.077 -0.147 9.798
-10.153 0.852 7.629
-11.441 -1.341 4.837
-14.893 0.193 5.048
-13.514 3.653 4.598
-11.232 2.615 1.756
-14.160 0.972 -0.089
-16.165 4.163 0.322
-13.430 6.223 -1.293
-12.217 3.802 -3.960
-13.531 0.930 -6.009
-11.528 -2.206 -6.639
-9.632 -3.065 -8.785
-7.348 -0.138 -8.283
-5.102 0.195 -11.316
-2.215 2.376 -12.190
1.438 3.040 -12.756
4.237 3.839 -10.310
7.876 4.616 -10.704
10.763 3.419 -8.761
13.909 5.426 -8.509
16.510 4.136 -6.104
18.369 1.081 -4.983
18.463 -1.772 -7.435
15.595 -4.336 -7.305
18.127 -7.250 -7.232
18.324 -6.595 -3.504
14.640 -5.280 -3.097
11.733 -7.201 -4.396
9.125 -4.438 -5.271
5.509 -4.677 -4.598
2.712 -2.265 -5.157
-0.135 -2.268 -2.593
-1.899 -0.418 0.186
0.334 1.211 2.760
-0.146 3.013 6.028
2.000 6.068 6.734
2.066 9.402 8.712
2.927 11.400 5.594
0.516 12.035 2.719
3.559 12.162 0.299
7.233 11.395 0.088
9.265 8.595 1.594
8.008 7.562 5.042
10.281 5.484 7.254
7.250 4.520 9.249
5.274 3.579 6.191
4.478 -0.006 5.796
2.384 -2.373 3.818
-1.008 -2.814 5.331
-1.307 -6.052 7.320
-2.760 -9.042 5.511
-1.436 -7.962 2.133
-0.659 -10.547 -0.427
1.739 -8.558 -2.584
2.899 -10.030 -5.918
6.637 -9.479 -6.397
7.465 -7.423 -9.446
9.106 -9.333 -12.300
12.488 -8.045 -13.286
12.198 -5.003 -15.723
