-11.851 3.784 19.883
-9.426 5.894 17.823
-9.519 3.371 14.936
-5.952 3.336 13.661
-5.747 2.059 10.097
-2.630 1.841 8.086
-2.166 0.999 4.402
0.968 0.888 2.340
0.598 1.448 -1.370
3.239 0.639 -3.936
3.081 2.994 -6.851
4.926 1.981 -9.954
5.113 4.140 -13.148
7.490 1.878 -15.131
10.470 4.160 -14.271
10.306 4.243 -10.549
8.666 2.826 -7.489
7.106 4.789 -4.582
5.654 3.540 -1.345
2.839 5.617 0.002
1.798 5.247 3.576
-1.696 6.388 4.455
-3.365 6.476 7.818
-6.961 6.412 9.185
-9.363 8.391 6.986
-6.869 8.339 4.089
-7.034 4.595 4.129
-10.698 4.759 3.397
-10.145 7.119 0.555
-7.378 4.964 -0.846
-9.643 1.939 -0.726
-12.568 3.852 -2.348
-14.754 3.147 0.586
-17.702 5.261 1.508
-18.015 6.450 5.183
-20.568 3.654 5.787
-18.294 0.994 4.470
-15.363 2.402 6.401
-17.375 2.559 9.640
-18.283 -1.106 9.185
-14.562 -2.005 9.049
-13.843 -0.118 12.199
-16.701 -1.882 14.127
