-16.210 3.185 12.096
-14.724 0.209 10.178
-12.461 2.492 7.989
-13.129 1.180 4.443
-9.925 1.940 2.574
-8.895 0.134 -0.571
-5.691 0.526 -2.566
-4.256 -1.400 -5.491
-0.466 -1.582 -5.718
1.499 -2.624 -8.748
4.568 -4.499 -7.727
7.289 -4.795 -10.284
10.365 -6.963 -9.530
12.112 -6.611 -12.994
10.760 -10.072 -14.282
7.086 -9.922 -13.468
4.283 -7.744 -12.355
1.787 -8.285 -9.489
-1.236 -6.359 -8.447
-1.713 -6.316 -4.699
-4.946 -5.241 -3.125
-4.769 -3.947 0.440
-7.604 -3.110 2.700
-8.141 -0.815 5.683
-5.191 -1.049 8.138
-3.033 -2.624 5.329
-3.641 0.467 3.251
-2.133 2.605 6.000
0.848 0.360 6.242
1.290 0.382 2.472
1.222 4.218 2.514
3.722 4.387 5.461
1.234 6.245 7.596
1.585 6.302 11.294
-1.579 5.735 13.420
-1.883 9.501 13.895
-1.717 10.138 10.151
-4.128 7.282 9.394
-6.571 8.496 12.047
-6.412 11.981 10.430
-7.433 10.428 7.079
-10.345 8.614 8.683
-11.637 11.823 10.301
