-15.267 -4.061 14.889
-11.528 -3.936 14.218
-11.745 -3.292 10.412
-8.727 -4.893 8.678
-7.941 -3.359 5.319
-4.925 -3.781 3.086
-3.949 -1.892 -0.082
-0.891 -2.151 -2.228
0.095 0.909 -4.184
2.499 0.992 -7.081
4.275 4.264 -7.112
6.021 5.084 -10.340
8.034 8.243 -10.985
9.359 7.389 -14.559
12.782 6.415 -13.065
11.785 3.870 -10.523
8.974 1.814 -9.054
7.944 1.535 -5.378
5.399 -0.671 -3.768
3.621 0.828 -0.798
1.646 -1.293 1.578
-0.934 0.451 3.755
-3.050 -1.030 6.472
-6.386 -0.255 8.050
-6.805 3.514 8.639
-3.999 4.152 6.152
-6.016 2.427 3.517
-8.760 5.015 3.923
-6.280 7.789 3.626
-4.729 6.168 0.556
-8.198 5.905 -1.060
-9.046 9.565 -0.235
-12.003 8.503 1.784
-13.253 10.558 4.654
-13.932 8.774 7.992
-17.642 8.703 7.100
-16.998 7.155 3.679
-14.607 4.658 5.207
-17.069 3.743 7.962
-19.721 3.115 5.238
-17.323 0.591 3.590
-16.808 -1.257 6.839
-20.630 -1.652 7.427
