16.979 0.873 -12.550
14.688 -0.296 -9.704
12.070 2.571 -9.641
11.594 3.585 -5.995
7.986 4.589 -5.326
5.994 4.966 -2.126
2.246 5.509 -1.574
0.340 5.790 1.646
-3.320 4.860 1.626
-5.903 5.535 4.293
-8.453 2.880 4.408
-11.664 3.519 6.183
-14.520 1.071 6.664
-16.772 3.238 8.865
-15.556 1.575 12.086
-11.867 2.077 11.839
-8.975 3.512 9.961
-5.889 1.777 8.568
-2.798 3.047 6.865
-1.436 0.957 4.060
1.987 1.469 2.636
2.814 0.193 -0.807
6.161 0.226 -2.552
7.606 0.151 -6.083
5.430 -1.998 -8.410
2.606 -2.056 -5.865
2.292 1.663 -6.216
1.352 1.254 -9.864
-1.326 -1.147 -8.999
-2.662 1.108 -6.281
-2.871 3.943 -8.840
-4.498 1.718 -11.519
-1.702 2.361 -13.935
-0.789 -0.008 -16.657
2.905 -0.843 -17.232
3.143 1.775 -20.000
1.708 4.516 -17.821
3.936 3.555 -14.946
7.016 3.455 -17.119
6.176 7.005 -18.330
6.107 8.189 -14.685
9.500 6.742 -14.025
11.052 8.399 -17.136
