-8.565 -11.203 14.684
-5.327 -9.246 14.060
-6.019 -7.849 10.585
-3.033 -7.636 8.320
-2.991 -5.340 5.357
-0.235 -4.639 2.934
-0.035 -2.318 -0.013
2.808 -1.484 -2.352
2.879 1.876 -4.015
5.063 2.949 -6.893
6.157 6.439 -6.476
7.536 8.479 -9.388
8.894 11.963 -9.205
10.113 12.325 -12.853
13.753 11.390 -11.981
13.351 8.034 -10.311
11.014 5.369 -9.126
10.463 3.974 -5.621
8.327 1.294 -4.241
6.799 1.987 -0.877
5.385 -0.713 1.266
2.706 0.208 3.767
1.263 -1.934 6.422
-2.031 -2.074 8.289
-3.261 1.300 9.400
-0.818 2.956 6.914
-2.720 1.247 4.169
-5.780 3.180 5.127
-3.961 6.420 5.053
-2.343 5.619 1.731
-5.725 4.888 0.235
-7.410 7.926 1.884
-9.963 5.776 3.649
-11.940 6.924 6.502
-12.209 4.741 9.617
-15.591 3.462 8.530
-14.223 2.467 5.159
-11.151 0.870 6.693
-13.229 -1.072 9.188
-15.380 -2.410 6.317
-12.188 -3.841 4.786
-11.176 -5.534 7.867
-14.498 -7.229 8.420
